57 1021
175 1021
24 1020
836 1020
594 1019
650 1019
49 1018
188 1018
10 1017
132 1017
98 1016
956 1016
6 1015
24 1015
9 1014
24 1014
370 1013
783 1013
19 1012
185 1012
23 1011
68 1011
17 1010
304 1010
3 1009
963 1009
18 1008
175 1008
64 1007
566 1007
71 1006
107 1006
984 1005
108 1004
984 1004
57 1003
364 1003
80 1002
265 1002
85 1001
963 1001
23 1000
63 1000
10 999
313 999
10 998
172 998
3 997
713 997
19 996
123 996
15 995
229 995
57 994
566 994
1 993
451 993
27 992
80 992
984 991
956 990
984 989
85 988
364 988
256 987
466 987
23 986
180 986
8 985
207 985
12 984
20 984
2 983
172 983
13 982
783 982
1 981
566 981
16 980
735 980
12 979
713 979
8 978
713 978
31 977
220 977
64 976
167 976
963 975
256 974
650 974
360 973
871 973
15 972
132 972
63 971
207 971
963 970
95 969
256 969
149 968
370 968
49 967
364 967
10 966
343 966
963 965
40 964
98 964
1 963
19 963
98 962
835 962
132 961
384 961
282 960
399 960
20 959
98 959
956 958
13 957
108 957
11 956
12 956
947 955
947 954
20 953
718 953
11 952
22 952
947 951
220 950
621 950
12 949
68 949
107 948
752 948
7 947
18 947
180 946
261 946
18 945
384 945
12 944
23 944
149 943
713 943
6 942
282 942
27 941
783 941
10 940
566 940
10 939
256 939
16 938
23 938
2 937
229 937
229 936
871 936
27 935
466 935
1 934
167 934
49 933
466 933
42 932
494 932
1 931
207 931
185 930
566 930
23 929
752 929
68 928
229 928
69 927
594 927
20 926
494 926
31 925
98 925
14 924
466 924
273 923
364 923
19 922
621 922
16 921
343 921
64 920
735 920
24 919
69 919
273 918
313 918
1 917
849 917
229 916
261 916
63 915
175 915
30 914
566 914
122 913
172 912
370 912
23 911
57 911
80 910
256 910
6 909
185 909
7 908
167 908
85 907
206 907
18 906
256 906
3 905
57 905
68 904
180 904
31 903
370 903
64 902
752 902
10 901
28 901
167 900
282 900
98 899
282 899
78 898
100 898
69 897
399 897
206 896
220 896
871 895
132 894
466 894
88 893
100 893
63 892
445 892
11 891
273 891
15 890
836 890
108 889
494 889
21 888
718 888
2 887
184 887
19 886
494 886
370 885
384 885
11 884
752 884
80 883
85 883
69 882
783 882
31 881
360 881
28 880
69 880
16 879
871 879
6 878
445 878
871 877
27 876
713 876
1 875
313 875
871 874
566 873
650 873
175 872
207 872
8 871
19 871
13 870
100 870
836 869
282 868
718 868
16 867
451 867
849 866
172 865
445 865
3 864
384 864
49 863
69 863
98 862
198 862
836 861
10 860
849 860
14 859
31 859
16 858
494 858
12 857
69 857
0 856
752 856
19 855
282 855
256 854
304 854
95 853
650 853
13 852
360 852
849 851
0 850
98 850
2 849
8 849
0 848
566 848
24 847
95 847
445 846
836 846
20 845
735 845
14 844
175 844
42 843
752 843
27 842
180 842
835 841
836 840
13 839
167 839
10 838
24 838
835 837
3 836
12 836
8 835
12 835
184 834
451 834
10 833
399 833
27 832
370 832
16 831
95 831
185 830
370 830
21 829
49 829
184 828
198 828
175 827
360 827
783 826
19 825
360 825
8 824
466 824
566 823
713 823
107 822
132 822
17 821
343 821
19 820
198 820
98 819
175 819
2 818
752 818
175 817
566 817
783 816
23 815
172 815
1 814
49 814
27 813
282 813
14 812
167 812
6 811
100 811
261 810
273 810
13 809
80 809
566 808
752 808
175 807
594 807
3 806
100 806
69 805
107 805
17 804
752 804
71 803
167 803
188 802
713 802
15 801
256 801
20 800
380 800
10 799
466 799
2 798
42 798
31 797
494 797
16 796
42 796
19 795
380 795
2 794
188 794
175 793
180 793
88 792
21 791
100 791
98 790
256 790
16 789
64 789
0 788
735 788
14 787
206 787
370 786
566 786
8 785
198 785
15 784
445 784
1 783
6 783
100 782
713 782
304 781
370 781
23 780
132 780
80 779
10 778
650 778
8 777
494 777
198 776
566 776
0 775
436 775
16 774
80 774
16 773
256 773
107 772
335 772
42 771
282 771
19 770
68 770
15 769
594 769
370 768
621 768
24 767
360 767
752 766
360 765
399 765
24 764
188 764
14 763
78 763
12 762
57 762
69 761
566 761
1 760
713 760
10 759
713 759
752 758
0 757
445 757
752 756
23 755
206 755
78 754
735 754
85 753
3 752
15 752
735 751
20 750
360 750
21 749
273 749
273 748
566 748
13 747
175 747
108 746
220 746
95 745
335 745
21 744
566 744
20 743
185 743
718 742
735 741
69 740
436 740
735 739
261 738
566 738
12 737
256 737
16 736
566 736
11 735
19 735
69 734
80 734
24 733
71 733
27 732
304 732
718 731
14 730
80 730
713 729
10 728
206 728
24 727
78 727
2 726
68 726
335 725
718 724
31 723
198 723
713 722
10 721
370 721
364 720
399 720
31 719
399 719
1 718
12 718
16 717
364 717
12 716
207 716
713 715
11 714
650 714
2 713
19 713
27 712
384 712
5 711
370 711
343 710
445 710
3 709
313 709
184 708
494 708
28 707
466 706
566 706
17 705
69 705
68 704
132 704
69 703
282 703
184 702
343 702
68 701
95 701
31 700
175 700
18 699
167 699
23 698
594 698
18 697
229 697
16 696
466 696
23 695
80 695
265 694
370 694
399 693
445 693
132 692
273 692
95 691
313 691
85 690
100 690
399 689
566 689
15 688
436 688
180 687
256 687
11 686
451 686
122 685
621 685
57 684
399 684
15 683
261 683
95 682
100 682
31 681
451 681
2 680
282 680
18 679
494 679
98 678
384 678
49 677
107 677
23 676
123 676
69 675
180 675
17 674
24 674
100 673
364 673
229 672
466 672
13 671
107 671
229 670
282 670
19 669
594 669
14 668
261 668
24 667
122 667
21 666
282 666
14 665
451 665
31 664
184 664
31 663
69 663
198 662
261 662
11 661
261 661
23 660
282 660
63 659
384 659
184 658
273 658
198 657
206 657
650 656
650 655
650 654
98 653
157 653
21 652
380 652
3 651
80 651
1 650
14 650
24 649
198 649
1 648
68 648
19 647
132 647
621 646
15 645
313 645
0 644
370 644
12 643
85 643
184 642
445 642
5 641
98 641
18 640
220 640
15 639
304 639
399 638
594 638
1 637
71 637
123 636
566 636
18 635
69 635
21 634
466 634
180 633
304 633
149 632
10 631
198 631
19 630
100 630
21 629
207 629
88 628
399 628
621 627
13 626
69 626
19 625
566 625
198 624
229 624
22 623
566 623
621 622
7 621
10 621
594 620
15 619
282 619
17 618
123 618
98 617
436 617
85 616
384 616
49 615
19 614
57 614
24 613
57 613
64 612
494 612
594 611
17 610
80 610
100 609
265 609
3 608
42 608
566 607
21 606
132 606
16 605
180 605
107 604
380 604
2 603
27 603
20 602
198 602
17 601
157 601
107 600
364 600
18 599
360 599
185 598
451 598
594 597
21 596
261 596
17 595
95 595
1 594
15 594
20 593
88 593
188 592
566 592
100 591
282 591
19 590
206 590
64 589
207 589
566 588
5 587
157 587
13 586
49 586
8 585
98 585
132 584
167 584
31 583
436 583
9 582
220 582
335 581
370 581
11 580
28 580
23 579
370 579
24 578
451 578
0 577
167 577
198 576
494 576
184 575
384 575
566 574
28 573
466 573
12 572
436 572
69 571
313 571
256 570
16 569
261 569
4 568
98 568
11 567
71 567
19 566
69 565
78 565
16 564
167 564
4 563
466 563
132 562
282 562
57 561
466 561
207 560
282 560
14 559
22 559
88 558
273 558
7 557
122 557
22 556
49 556
466 555
13 554
132 554
21 553
71 553
11 552
207 552
57 551
256 551
80 550
282 550
31 549
343 549
20 548
399 548
23 547
185 547
180 546
198 546
13 545
343 545
0 544
265 544
198 543
445 543
229 542
6 541
220 541
68 540
494 540
229 539
304 539
85 538
220 538
42 537
220 537
27 536
188 536
167 535
206 535
42 534
180 534
108 533
256 533
132 532
494 532
19 531
172 531
18 530
123 530
1 529
273 529
10 528
49 528
1 527
85 527
78 526
107 526
107 525
399 525
206 524
229 524
13 523
22 523
24 522
466 522
1 521
28 521
27 520
436 520
98 519
343 519
188 518
370 518
494 517
494 516
15 515
167 515
10 514
69 514
49 513
198 513
6 512
198 512
3 511
256 511
1 510
364 510
27 509
63 509
12 508
107 508
15 507
57 507
17 506
256 506
2 505
343 505
1 504
494 504
21 503
384 503
494 502
13 501
380 501
188 500
364 500
5 499
167 499
198 498
220 498
20 497
256 497
2 496
123 496
167 495
360 495
3 494
20 494
11 493
167 493
31 492
78 492
107 491
304 491
17 490
380 490
27 489
175 489
78 488
273 488
343 487
399 487
23 486
149 486
8 485
184 485
8 484
370 484
13 483
445 483
304 482
445 482
63 481
85 481
20 480
149 480
21 479
399 479
466 478
167 477
180 477
28 476
167 476
98 475
399 475
451 474
100 473
132 473
466 472
23 471
85 471
31 470
265 470
188 469
198 469
207 468
445 468
451 467
2 466
11 466
64 465
100 465
107 464
108 464
21 463
335 463
451 462
7 461
98 461
2 460
85 460
10 459
71 459
6 458
261 458
445 457
436 456
21 455
123 455
0 454
107 454
14 453
256 453
175 452
370 452
6 451
20 451
445 450
13 449
436 449
445 448
13 447
98 447
42 446
384 446
3 445
21 445
71 444
370 444
98 443
206 443
436 442
23 441
313 441
436 440
21 439
313 439
63 438
167 438
12 437
370 437
0 436
13 436
98 435
149 435
40 434
167 434
100 433
108 433
184 432
261 432
10 431
23 431
0 430
100 430
88 429
95 429
19 428
384 428
14 427
63 427
10 426
80 426
399 425
31 424
384 424
63 423
95 423
22 422
30 422
19 421
80 421
27 420
71 420
23 419
108 419
95 418
175 418
69 417
273 417
3 416
282 416
23 415
188 415
123 414
167 414
399 413
8 412
23 412
172 411
399 411
10 410
149 410
2 409
313 409
64 408
343 408
16 407
30 407
11 406
64 406
399 405
22 404
273 404
85 403
132 403
69 402
198 402
42 401
207 401
68 400
370 400
1 399
21 399
27 398
185 398
15 397
107 397
384 396
384 395
364 394
384 393
15 392
88 392
157 391
335 391
19 390
188 390
0 389
28 389
24 388
31 388
18 387
207 387
380 386
15 385
180 385
3 384
16 384
380 383
380 382
256 381
364 381
5 380
10 380
370 379
20 378
28 378
7 377
95 377
31 376
64 376
21 375
370 375
370 374
4 373
71 373
2 372
69 372
42 371
107 371
17 370
19 370
22 369
175 369
27 368
167 368
28 367
85 367
360 366
149 365
207 365
4 364
360 363
57 362
132 362
3 361
49 361
8 360
14 360
0 359
27 359
100 358
184 358
14 357
57 357
1 356
22 356
2 355
261 355
24 354
85 354
19 353
313 353
14 352
180 352
188 351
273 351
220 350
304 350
343 349
64 348
85 348
313 347
31 346
107 346
20 345
57 345
21 344
122 344
8 343
0 342
207 342
42 341
100 341
180 340
184 340
24 339
175 339
80 338
207 338
17 337
30 337
57 336
180 336
5 335
22 334
184 334
11 333
88 333
167 332
261 332
313 331
304 330
14 329
100 329
2 328
149 328
10 327
207 327
282 326
20 325
180 325
8 324
167 324
64 323
69 323
95 322
265 322
17 321
57 321
17 320
207 320
23 319
256 319
149 318
167 318
21 317
265 317
88 316
108 316
27 315
108 315
304 314
14 313
15 313
167 312
304 312
13 311
184 311
24 310
28 310
16 309
27 309
68 308
220 308
21 307
172 307
22 306
64 306
256 305
282 305
2 304
4 304
0 303
69 303
12 302
167 302
71 301
256 301
13 300
42 300
11 299
24 299
282 298
15 297
27 297
31 296
229 296
78 295
220 295
282 294
273 293
24 292
108 292
273 291
12 290
98 290
11 289
184 289
261 288
27 287
49 287
31 286
88 286
98 285
180 285
17 284
64 284
256 283
16 282
19 282
2 281
71 281
10 280
175 280
220 279
19 278
42 278
265 277
256 276
24 275
49 275
23 274
64 274
15 273
21 273
42 272
85 272
256 271
1 270
220 270
31 269
206 269
9 268
207 268
6 267
22 267
261 266
0 265
15 265
6 264
180 264
17 263
71 263
206 262
16 261
18 261
16 260
22 260
17 259
206 259
107 258
229 258
4 257
85 257
15 256
1 255
229 255
9 254
22 254
172 253
229 253
8 252
180 252
198 251
198 250
42 249
229 249
78 248
207 248
17 247
188 247
21 246
85 246
180 245
229 244
229 243
1 242
57 242
229 241
10 240
188 240
220 239
21 238
220 238
4 237
229 237
185 236
17 235
40 235
198 234
78 233
184 233
20 232
167 232
20 231
30 231
220 230
3 229
13 229
19 228
220 228
206 227
9 226
69 226
184 225
175 224
15 223
198 223
14 222
108 222
18 221
63 221
10 220
17 220
207 219
9 218
98 218
21 217
27 217
149 216
80 215
167 215
69 214
188 214
207 213
172 212
42 211
57 211
10 210
22 210
180 209
24 208
80 208
11 207
21 207
14 206
16 206
149 205
180 204
172 203
184 202
185 201
188 200
18 199
185 199
16 198
17 198
14 197
24 197
13 196
88 196
157 195
188 194
31 193
100 193
167 192
184 191
188 190
175 189
4 188
17 188
24 187
149 187
157 186
3 185
6 185
3 184
14 184
167 183
85 182
167 182
175 181
10 180
16 180
17 179
22 179
20 178
27 178
132 177
18 176
68 176
8 175
18 175
18 174
40 174
21 173
69 173
2 172
6 172
132 171
167 170
10 169
40 169
40 168
13 167
20 167
69 166
149 166
157 165
40 164
95 164
40 163
107 162
57 161
100 161
123 160
27 159
28 159
11 158
132 158
5 157
21 157
21 156
107 156
100 155
132 154
57 153
68 152
95 151
20 150
64 150
9 149
17 149
17 148
85 148
68 147
69 146
122 145
24 144
69 143
15 142
42 142
122 141
95 140
123 139
123 138
5 137
107 137
95 136
85 135
30 134
31 134
98 133
2 132
12 132
108 131
107 130
100 129
64 128
85 127
78 126
19 125
69 125
122 124
9 123
18 123
7 122
19 122
31 121
22 120
69 120
100 119
88 118
3 117
98 117
63 116
71 115
107 114
98 113
57 112
85 112
98 111
71 110
64 109
0 108
17 107
18 107
80 106
21 105
88 105
85 104
95 104
78 103
27 102
95 102
27 101
68 101
10 100
15 100
31 99
10 98
78 97
80 96
17 95
20 95
57 94
5 93
40 93
27 92
18 91
71 91
88 90
71 89
0 88
3 88
85 87
63 86
14 85
21 85
2 84
64 84
49 83
57 83
31 82
19 81
23 81
15 80
17 80
8 79
22 79
6 78
19 78
13 77
57 77
15 76
49 76
3 75
64 75
69 74
49 73
42 72
4 71
15 71
63 70
2 69
20 69
12 68
16 68
22 67
23 66
19 65
27 65
3 64
8 64
8 63
20 63
28 62
42 61
57 60
31 59
49 58
15 57
19 57
28 56
23 55
49 54
42 53
19 52
31 52
27 51
20 50
40 50
4 49
11 49
27 48
42 48
9 47
23 47
27 46
0 45
24 45
15 44
31 44
24 43
2 42
16 42
1 41
30 41
5 40
19 40
30 39
0 38
22 38
24 37
14 36
28 36
21 35
23 35
30 34
8 33
24 33
4 32
22 32
1 31
10 31
8 30
16 30
7 29
24 29
0 28
2 28
2 27
21 27
22 26
23 25
11 24
2 23
10 23
11 22
20 22
