>  1 1214 1123 1002 985 976 906 835 828 811 746 714 654 614 611 592 576 572 550 546 520 516 487 467 458 440 437 418 386 336 298 280 263 230 212 208 198 170 169 168 151 150 149 148 147 146 145 88 87 86 57 56 55 54 53 52 39 38 7 6 5 4 3 2
>  2 1159 1150 1146 1140 1117 1080 1074 1071 1070 1059 1032 1023 1019 1018 1003 964 913 891 882 870 845 843 840 801 764 748 745 728 724 707 705 703 695 682 678 666 634 622 611 605 596 589 584 580 565 557 537 531 525 520 511 497 496 476 463 408 401 387 383 382 379 346 344 324 320 310 281 227 219 216 205 198 197 188 187 186 185 133 132 131 88 87 86 85 84 83 82 81 80 79 78 76 75 74 73 72 29 28 27 26 25 24 7 6 5 4 3 2 1
>  3 1195 1167 1143 1119 1094 1092 1090 1086 1074 1072 1071 1068 1045 1036 965 891 879 818 784 741 724 703 689 635 624 620 611 600 584 575 571 565 557 552 532 520 512 479 471 468 456 443 429 401 397 382 379 367 366 349 319 313 312 302 290 274 214 203 198 197 181 180 179 123 122 121 120 119 118 117 116 88 87 86 85 84 83 82 81 80 79 78 65 64 63 62 61 60 17 7 6 5 4 3 2 1
>  4 1214 1205 1180 1164 1137 1123 1002 985 976 945 941 921 917 906 886 835 828 811 808 759 746 717 714 675 659 654 646 614 611 610 592 576 572 556 554 553 550 546 536 520 516 487 472 467 458 440 437 418 406 398 386 336 303 298 294 291 280 276 263 235 231 230 213 212 208 198 178 177 176 175 174 173 172 171 170 169 168 151 150 149 148 147 146 145 88 87 86 59 57 56 55 54 53 52 39 38 7 6 5 4 3 2
>  5 1182 1180 1164 1119 1005 896 886 865 784 758 739 692 691 685 675 658 646 636 624 611 610 575 563 555 544 536 520 515 491 490 485 472 443 429 369 367 358 348 345 321 303 295 291 290 276 258 247 234 213 210 203 198 178 177 176 175 174 173 172 171 164 163 162 161 160 159 123 122 121 120 119 118 117 116 88 87 86 59 44 43 42 17 7 6 5 4 3 2
>  6 1216 1205 1182 1164 1133 1123 1119 1073 1034 1010 985 976 961 936 927 921 910 903 896 865 848 826 811 808 800 717 714 692 685 659 654 648 643 624 614 590 587 576 575 572 566 556 554 553 550 545 536 515 490 472 437 418 406 398 368 367 350 348 345 336 305 294 290 280 258 235 234 231 230 213 212 208 203 178 177 176 175 174 173 172 171 170 169 168 167 151 150 149 148 147 146 145 123 122 121 120 119 118 117 116 59 57 56 55 54 53 52 39 38 17
>  7 1159 1074 1071 1070 1059 1018 891 861 801 775 770 764 748 724 707 703 695 634 622 611 605 589 584 565 557 537 531 525 520 496 492 478 476 408 401 387 382 379 344 310 275 227 205 198 197 133 132 131 130 88 87 86 85 84 83 82 81 80 79 78 29 28 27 26 25 24 7 6 5 4 3 2 1
>  8 523 204 127 126 125 23 22 21 20 19 18
>  9 611 520 198 88 87 86 7 6 5 4 3 2
>  10 1111 405 343 199 94 93 92 91 90 89 10 9 8
>  11 1205 1190 1171 1164 1162 1123 1077 1061 1027 985 976 961 955 921 811 808 806 798 786 766 717 714 698 668 662 659 654 616 614 588 585 576 572 556 554 553 550 536 505 503 486 472 464 450 437 418 406 398 396 374 356 336 333 305 294 280 279 250 235 231 230 213 212 208 201 178 177 176 175 174 173 172 171 170 169 168 167 151 150 149 148 147 146 145 107 106 105 104 103 102 59 57 56 55 54 53 52 39 38 15 14 13
>  12 611 520 198 88 87 86 7 6 5 4 3 2
>  13 1163 1097 1074 1071 982 891 854 724 708 703 611 601 584 579 565 557 533 520 518 416 401 382 381 379 271 265 240 200 198 197 101 100 99 98 97 96 95 88 87 86 85 84 83 82 81 80 79 78 12 11 7 6 5 4 3 2 1
>  14 667 523 426 253 215 204 184 183 182 127 126 125 124 71 70 69 68 67 66 22 21 20 19 18
>  15 746 654 611 576 546 520 487 467 458 440 437 386 336 230 212 198 170 169 168 88 87 86 57 56 55 54 53 52 7 6 5 4 3 2
>  16 1180 1164 1143 1016 926 886 859 810 791 689 675 646 611 610 600 578 552 536 532 520 472 452 353 349 323 313 303 291 276 274 228 220 214 213 198 181 180 179 178 177 176 175 174 173 172 171 88 87 86 65 64 63 62 61 60 59 7 6 5 4 3 2
>  17 1219 1193 1181 1180 1175 1164 1159 1157 1116 1074 1071 1070 1059 1018 1004 997 934 893 891 886 875 869 836 815 809 801 776 764 762 748 743 737 724 707 703 695 694 680 675 646 634 622 611 610 605 589 584 565 557 537 536 531 529 525 520 496 476 472 459 408 402 401 390 387 382 379 344 314 311 310 303 300 291 276 267 227 226 225 222 213 205 198 197 178 177 176 175 174 173 172 171 133 132 131 88 87 86 85 84 83 82 81 80 79 78 59 29 28 27 26 25 24 7 6 5 4 3 2 1
>  18 1204 1203 1202 1193 1185 1181 1164 1134 1116 1105 1103 1066 1046 1025 1017 1015 999 974 960 948 947 920 916 894 893 881 871 856 846 829 815 797 796 795 791 785 769 765 753 749 744 743 711 710 700 694 680 651 641 632 630 625 618 608 581 578 570 569 561 551 548 538 537 536 535 530 529 525 513 492 472 469 465 452 442 430 424 414 407 402 393 390 387 353 352 342 339 326 323 308 307 283 274 244 228 220 218 214 213 205 202 181 180 179 178 177 176 175 174 173 172 171 133 132 131 130 115 114 113 112 111 110 109 108 65 64 63 62 61 60 59 28 27 26 25 24 16
>  19 1178 1125 1119 1070 1059 944 901 784 781 773 707 695 669 631 624 611 575 537 528 525 520 519 492 443 429 387 367 344 290 288 236 227 205 203 198 133 132 131 130 123 122 121 120 119 118 117 116 88 87 86 28 27 26 25 24 17 7 6 5 4 3 2
>  20 1051 761 415 355 325 207 144 143 142 141 140 139 138 37 36
>  21 1219 1199 1193 1181 1175 1164 1159 1157 1153 1116 1060 1018 984 973 915 893 891 889 881 869 857 836 815 790 775 762 748 743 698 694 680 639 605 604 589 584 577 557 537 536 530 529 525 503 492 478 476 472 461 459 447 438 408 402 390 387 379 356 347 314 311 310 300 292 286 275 267 255 251 243 226 225 222 213 205 201 197 178 177 176 175 174 173 172 171 133 132 131 130 107 106 105 104 103 102 85 84 83 82 81 80 79 78 59 28 27 26 25 24 15 14 13 1
>  22 801 537 525 387 205 133 132 131 29 28 27 26 25 24
>  23 1180 1164 1163 1097 982 886 854 708 675 646 611 610 601 579 536 533 520 518 472 416 381 303 291 276 271 265 240 213 200 198 178 177 176 175 174 173 172 171 101 100 99 98 97 96 95 88 87 86 59 12 11 7 6 5 4 3 2
>  24 1150 1146 1140 1117 1080 1070 1059 1032 1023 1019 1003 964 913 882 870 845 843 840 745 728 707 705 695 682 678 666 611 596 580 537 525 520 511 497 492 463 387 383 346 344 324 320 281 227 219 216 205 198 188 187 186 185 133 132 131 130 88 87 86 76 75 74 73 72 28 27 26 25 24 7 6 5 4 3 2
>  25 1219 1199 1193 1181 1175 1164 1159 1157 1153 1116 1060 1018 984 973 915 893 891 889 881 869 857 836 815 790 775 762 748 743 698 694 680 639 605 604 589 584 577 557 537 536 530 529 525 503 492 478 476 472 461 459 447 438 408 402 390 387 379 356 347 314 311 310 300 292 286 275 267 255 251 243 226 225 222 213 205 201 197 178 177 176 175 174 173 172 171 133 132 131 130 107 106 105 104 103 102 85 84 83 82 81 80 79 78 59 28 27 26 25 24 15 14 13 1
>  26 1111 1074 1071 891 888 733 724 713 703 611 584 565 557 520 427 405 401 382 379 343 293 199 198 197 94 93 92 91 90 89 88 87 86 85 84 83 82 81 80 79 78 10 9 8 7 6 5 4 3 2 1
>  27 1217 1215 1214 1210 1209 1205 1204 1203 1193 1181 1180 1177 1174 1173 1169 1164 1138 1137 1136 1123 1116 1098 1096 1084 1070 1063 1059 1054 1051 1033 1031 1030 1002 1000 999 995 992 988 986 985 981 979 977 976 975 966 959 958 947 946 945 941 934 928 921 917 906 893 886 877 872 851 850 849 846 835 831 829 828 822 815 812 811 808 801 796 794 769 768 767 761 759 753 752 746 744 743 722 718 717 714 711 710 707 699 695 694 686 683 680 679 677 676 675 660 659 654 646 645 637 633 630 629 622 614 611 610 599 592 586 576 574 572 569 567 556 554 553 551 550 548 546 538 537 536 529 525 520 516 513 508 488 487 482 480 474 472 469 467 465 458 449 445 442 440 437 428 418 415 414 407 406 402 398 390 388 387 386 355 351 344 342 340 336 325 322 309 308 306 304 303 298 294 291 282 280 276 264 263 260 244 235 232 231 230 227 223 213 212 208 207 205 202 198 178 177 176 175 174 173 172 171 170 169 168 151 150 149 148 147 146 145 144 143 142 141 140 139 138 133 132 131 115 114 113 112 111 110 109 108 88 87 86 59 57 56 55 54 53 52 39 38 37 36 29 28 27 26 25 24 16 7 6 5 4 3 2
>  28 1163 1097 1074 1071 1005 982 891 854 758 739 724 708 703 691 658 636 611 601 584 579 565 563 557 555 544 533 520 518 491 485 416 401 382 381 379 369 358 321 295 271 265 247 240 210 200 198 197 164 163 162 161 160 159 101 100 99 98 97 96 95 88 87 86 85 84 83 82 81 80 79 78 44 43 42 12 11 7 6 5 4 3 2 1
>  29 1005 758 739 691 658 636 611 563 555 544 520 491 485 369 358 321 295 247 210 198 164 163 162 161 160 159 88 87 86 44 43 42 7 6 5 4 3 2
>  30 594 559 537 525 492 387 299 205 133 132 131 130 129 128 28 27 26 25 24
>  31 498 376 274 256 214 206 181 180 179 137 136 135 134 65 64 63 62 61 60 35 34 33 32 31
>  32 1143 689 611 600 552 532 520 349 313 274 214 198 181 180 179 88 87 86 65 64 63 62 61 60 7 6 5 4 3 2
>  33 1096 1030 1000 999 966 850 746 744 718 710 699 683 654 637 611 576 548 546 538 520 487 482 467 458 442 440 437 414 386 336 309 282 230 212 202 198 170 169 168 115 114 113 112 111 110 109 108 88 87 86 57 56 55 54 53 52 16 7 6 5 4 3 2
>  34 611 520 198 88 87 86 7 6 5 4 3 2
>  35 1180 1164 1143 1016 926 886 859 810 791 689 675 646 611 610 600 578 552 536 532 520 472 452 353 349 323 313 303 291 276 274 228 220 214 213 198 181 180 179 178 177 176 175 174 173 172 171 88 87 86 65 64 63 62 61 60 59 7 6 5 4 3 2
>  36 1204 1203 1193 1181 1180 1174 1164 1116 1096 1070 1059 999 975 947 934 928 893 886 846 831 829 815 801 796 769 753 744 743 722 711 710 707 699 695 694 683 680 675 646 630 622 611 610 569 551 548 538 537 536 529 525 520 513 472 469 465 442 414 407 402 390 388 387 344 342 308 303 291 282 276 244 227 213 205 202 198 178 177 176 175 174 173 172 171 133 132 131 115 114 113 112 111 110 109 108 88 87 86 59 29 28 27 26 25 24 16 7 6 5 4 3 2
>  37 1207 1206 1204 1203 1201 1200 1193 1191 1181 1179 1164 1156 1147 1144 1141 1131 1129 1120 1118 1116 1109 1106 1082 1081 1075 1055 1044 1042 1040 1020 1011 1009 999 990 989 980 978 973 963 947 939 935 928 924 922 918 915 911 908 893 873 857 846 842 837 834 832 829 827 819 815 801 796 793 792 790 787 780 779 778 772 771 769 753 750 744 743 734 732 725 720 719 716 711 710 698 697 696 694 690 680 674 670 667 665 656 653 650 638 630 626 623 615 604 598 582 573 569 560 551 548 547 542 538 537 536 529 527 526 525 524 523 522 521 513 509 503 501 500 499 498 495 475 473 472 470 469 465 460 457 453 448 444 442 439 438 435 434 426 417 414 412 411 407 402 399 390 388 387 376 375 372 356 342 329 327 318 308 301 292 289 286 285 278 272 268 266 262 256 253 249 246 244 243 229 224 215 213 206 205 204 202 201 184 183 182 178 177 176 175 174 173 172 171 137 136 135 134 133 132 131 127 126 125 124 115 114 113 112 111 110 109 108 107 106 105 104 103 102 71 70 69 68 67 66 59 35 34 33 32 31 29 28 27 26 25 24 22 21 20 19 18 16 15 14 13
>  38 1213 1205 1193 1181 1177 1171 1164 1162 1136 1130 1116 1115 1077 1054 1052 973 955 950 921 915 893 877 857 815 806 801 794 790 766 743 736 717 698 694 680 676 662 654 629 604 588 585 576 554 553 537 536 529 525 524 505 503 472 464 438 437 406 402 390 387 374 356 340 336 333 322 294 292 286 268 243 230 213 212 205 201 178 177 176 175 174 173 172 171 170 169 168 133 132 131 107 106 105 104 103 102 59 57 56 55 54 53 52 29 28 27 26 25 24 15 14 13
>  39 1180 1164 1005 886 758 739 691 675 658 646 636 611 610 563 555 544 536 520 491 485 472 369 358 321 303 295 291 276 247 213 210 198 178 177 176 175 174 173 172 171 164 163 162 161 160 159 88 87 86 59 44 43 42 7 6 5 4 3 2
>  40 1119 1111 624 575 405 367 343 290 203 199 123 122 121 120 119 118 117 116 94 93 92 91 90 89 17 10 9 8
>  41 1176 1159 1151 1096 1074 1071 1070 1067 1059 1022 1018 1006 999 998 957 947 919 891 887 833 831 801 796 769 764 748 747 744 738 724 711 710 707 703 699 695 683 634 630 628 622 611 605 589 584 565 557 551 548 538 537 531 525 520 513 496 476 469 465 442 414 408 401 400 388 387 382 380 379 370 344 310 282 227 205 202 198 197 133 132 131 115 114 113 112 111 110 109 108 88 87 86 85 84 83 82 81 80 79 78 29 28 27 26 25 24 16 7 6 5 4 3 2 1
>  42 1214 1123 1002 985 976 906 835 828 811 746 714 654 614 611 592 576 572 550 546 520 516 487 467 458 440 437 418 386 336 298 280 263 230 212 208 198 170 169 168 151 150 149 148 147 146 145 88 87 86 57 56 55 54 53 52 39 38 7 6 5 4 3 2
>  43 1216 1119 1111 1073 826 800 654 643 624 590 576 575 437 405 368 367 350 343 336 290 230 212 203 199 170 169 168 123 122 121 120 119 118 117 116 94 93 92 91 90 89 57 56 55 54 53 52 17 10 9 8
>  44 891 854 584 557 381 379 271 240 200 197 101 100 99 98 97 96 95 85 84 83 82 81 80 79 78 12 11 1
>  45 1214 828 611 592 520 516 298 263 208 198 151 150 149 148 147 146 145 88 87 86 39 38 7 6 5 4 3 2
>  46 1005 758 739 691 658 636 611 563 555 544 520 491 485 369 358 321 295 247 210 198 164 163 162 161 160 159 88 87 86 44 43 42 7 6 5 4 3 2
>  47 1178 1166 1152 1125 1119 1114 1070 1069 1059 1012 1008 944 930 901 863 801 784 781 777 773 742 707 695 681 669 631 624 622 613 612 611 583 575 564 537 528 525 520 519 510 506 455 443 441 429 420 413 403 394 387 377 367 344 316 290 288 269 242 236 233 227 217 205 203 198 196 195 194 193 192 191 190 189 133 132 131 123 122 121 120 119 118 117 116 88 87 86 77 29 28 27 26 25 24 17 7 6 5 4 3 2
>  48 1204 1203 1193 1191 1183 1182 1181 1179 1164 1156 1129 1125 1119 1116 1107 1105 1093 1076 1066 1062 1047 999 989 971 951 949 947 937 935 905 901 899 896 895 893 881 873 868 865 862 855 846 842 832 829 824 815 796 781 780 773 769 763 753 744 743 727 711 710 694 692 685 680 669 667 631 630 624 593 575 573 569 551 548 538 537 536 530 529 528 525 522 519 515 513 500 495 492 490 489 473 472 469 465 451 442 434 426 419 414 409 407 404 402 391 390 387 385 375 367 348 345 342 308 297 290 288 278 272 258 244 236 234 215 213 205 203 202 184 183 182 178 177 176 175 174 173 172 171 133 132 131 130 123 122 121 120 119 118 117 116 115 114 113 112 111 110 109 108 71 70 69 68 67 66 59 28 27 26 25 24 17 16
>  49 201 107 106 105 104 103 102 15 14 13
>  50 1218 1217 1213 1210 1209 1205 1204 1203 1193 1190 1181 1177 1171 1164 1162 1149 1139 1138 1136 1130 1123 1118 1116 1115 1098 1088 1087 1077 1061 1054 1052 1042 1033 1031 1030 1027 1011 999 995 986 985 979 977 976 973 968 966 961 958 955 953 950 947 946 928 923 921 915 912 893 890 877 857 851 850 849 846 829 822 816 815 812 811 808 806 801 798 796 794 790 787 786 782 772 771 769 766 760 753 752 744 743 736 734 718 717 714 711 710 698 694 686 680 676 670 668 665 662 659 654 645 637 633 630 629 616 614 604 588 586 585 576 574 572 569 556 554 553 551 550 548 538 537 536 529 525 524 513 505 503 493 488 486 482 475 472 469 465 464 450 445 442 439 438 437 418 414 407 406 402 398 396 390 388 387 374 356 342 340 336 333 329 327 322 309 308 305 304 294 292 286 280 279 268 250 246 244 243 235 232 231 230 223 213 212 208 205 202 201 178 177 176 175 174 173 172 171 170 169 168 167 151 150 149 148 147 146 145 133 132 131 115 114 113 112 111 110 109 108 107 106 105 104 103 102 59 57 56 55 54 53 52 39 38 29 28 27 26 25 24 16 15 14 13
>  51 1166 1152 1125 1119 1114 1069 1012 1008 930 901 801 781 773 681 669 631 624 613 583 575 537 528 525 519 506 420 403 394 387 377 367 316 290 288 269 236 233 217 205 203 196 195 194 193 192 191 190 189 133 132 131 123 122 121 120 119 118 117 116 77 29 28 27 26 25 24 17
>  52 1214 1208 1205 1190 1180 1171 1164 1162 1137 1128 1123 1121 1077 1061 1056 1049 1039 1028 1002 993 985 976 955 945 941 921 917 906 886 874 835 828 811 808 806 786 766 759 746 726 723 717 715 714 698 675 664 662 659 654 646 616 614 611 610 592 588 585 576 572 556 554 553 550 546 536 520 516 514 505 503 487 486 472 467 464 458 450 440 437 418 406 398 386 374 363 356 336 333 303 298 294 291 287 280 279 276 263 250 235 231 230 213 212 208 201 198 178 177 176 175 174 173 172 171 170 169 168 151 150 149 148 147 146 145 107 106 105 104 103 102 88 87 86 59 57 56 55 54 53 52 39 38 15 14 13 7 6 5 4 3 2
>  53 1209 1172 1159 1148 1136 1123 1101 1098 1054 1018 994 985 976 967 938 900 891 877 847 820 817 811 775 774 748 714 706 686 676 655 654 652 645 629 617 614 605 589 584 576 572 558 557 550 537 525 502 492 488 478 476 445 437 432 418 408 387 379 364 359 341 340 336 331 322 317 310 304 280 275 248 239 232 230 212 208 205 197 170 169 168 151 150 149 148 147 146 145 133 132 131 130 85 84 83 82 81 80 79 78 57 56 55 54 53 52 39 38 28 27 26 25 24 1
>  54 1195 1191 1176 1167 1151 1143 1119 1107 1096 1094 1092 1090 1086 1074 1072 1071 1068 1067 1062 1047 1045 1044 1040 1036 1022 1020 1006 999 965 960 957 949 948 919 905 895 894 891 879 855 837 833 827 824 818 792 785 784 780 763 747 744 741 731 724 716 710 703 699 690 689 683 674 667 657 656 641 635 632 628 625 624 621 620 619 611 603 600 593 584 581 575 571 570 565 561 557 552 549 548 547 540 538 535 532 522 521 520 517 512 498 495 489 479 471 468 457 456 451 443 442 434 430 429 426 424 419 417 414 409 404 401 400 397 393 391 385 382 380 379 376 370 367 366 349 335 326 319 313 312 302 296 290 283 282 274 273 262 256 238 229 224 218 215 214 206 203 202 198 197 184 183 182 181 180 179 137 136 135 134 123 122 121 120 119 118 117 116 115 114 113 112 111 110 109 108 88 87 86 85 84 83 82 81 80 79 78 71 70 69 68 67 66 65 64 63 62 61 60 35 34 33 32 31 17 16 7 6 5 4 3 2 1
>  55 1180 1164 1143 1016 926 886 859 810 791 689 675 646 611 610 600 578 552 536 532 520 472 452 353 349 323 313 303 291 276 274 228 220 214 213 198 181 180 179 178 177 176 175 174 173 172 171 88 87 86 65 64 63 62 61 60 59 7 6 5 4 3 2
>  56 746 654 611 576 546 520 487 467 458 440 437 386 336 230 212 198 170 169 168 167 88 87 86 57 56 55 54 53 52 7 6 5 4 3 2
>  57 1214 1123 1002 985 976 906 835 828 811 746 714 654 614 611 592 576 572 550 546 520 516 487 467 458 440 437 418 386 336 298 280 263 230 212 208 198 170 169 168 151 150 149 148 147 146 145 88 87 86 57 56 55 54 53 52 39 38 7 6 5 4 3 2
>  58 667 523 426 274 215 214 204 184 183 182 181 180 179 127 126 125 71 70 69 68 67 66 65 64 63 62 61 60 23 22 21 20 19 18
>  59 611 520 198 88 87 86 7 6 5 4 3 2
>  60 1119 784 624 621 619 611 603 575 520 498 443 429 376 367 296 290 273 256 206 203 198 137 136 135 134 123 122 121 120 119 118 117 116 88 87 86 35 34 33 32 31 17 7 6 5 4 3 2
>  61 1173 1096 1051 1044 1020 999 959 792 761 744 710 699 683 679 677 674 660 621 619 611 603 599 548 538 521 520 508 498 474 457 449 442 428 417 415 414 376 355 351 325 296 282 273 264 262 256 224 207 206 202 198 144 143 142 141 140 139 138 137 136 135 134 115 114 113 112 111 110 109 108 88 87 86 37 36 35 34 33 32 31 16 7 6 5 4 3 2
>  62 1207 1204 1203 1193 1191 1181 1179 1164 1156 1131 1129 1116 1109 1106 1105 1066 1055 1044 1040 1020 999 990 989 971 963 947 935 918 911 893 883 881 873 846 842 837 834 832 829 827 815 796 792 780 769 753 744 743 725 720 719 716 711 710 696 694 690 680 674 667 656 630 626 582 573 569 560 551 548 547 538 537 536 530 529 525 522 521 513 509 501 500 498 495 492 473 472 470 469 465 457 448 442 434 426 417 414 407 402 390 387 376 375 372 342 318 308 301 297 278 272 262 256 249 244 229 224 215 213 206 205 202 184 183 182 178 177 176 175 174 173 172 171 137 136 135 134 133 132 131 130 115 114 113 112 111 110 109 108 71 70 69 68 67 66 59 35 34 33 32 31 28 27 26 25 24 16
>  63
>  64 1096 999 744 710 699 683 611 548 538 520 442 414 282 202 198 115 114 113 112 111 110 109 108 88 87 86 16 7 6 5 4 3 2
>  65 1166 1152 1114 1069 1012 1008 930 871 856 801 797 795 700 681 651 627 618 613 583 537 525 506 420 403 394 387 377 339 316 307 274 269 233 217 214 205 196 195 194 193 192 191 190 189 181 180 179 133 132 131 77 65 64 63 62 61 60 29 28 27 26 25 24
>  66 1180 1164 1111 1110 1048 888 886 813 733 713 675 646 611 610 536 520 472 466 427 405 343 303 293 291 276 259 257 213 199 198 178 177 176 175 174 173 172 171 94 93 92 91 90 89 88 87 86 59 10 9 8 7 6 5 4 3 2
>  67 1196 1176 1159 1112 1105 1067 1066 1053 1018 1006 999 998 947 925 891 887 861 833 801 796 775 769 764 748 747 744 738 711 710 634 630 628 605 594 589 584 559 557 551 548 538 537 531 525 513 496 492 478 476 469 465 442 414 408 400 388 387 380 379 370 328 310 299 275 205 202 197 133 132 131 130 129 128 115 114 113 112 111 110 109 108 85 84 83 82 81 80 79 78 29 28 27 26 25 24 16 1
>  68 1204 1203 1193 1191 1186 1184 1183 1182 1181 1179 1164 1156 1155 1129 1125 1119 1116 1111 1107 1105 1093 1076 1066 1062 1058 1047 999 989 971 970 951 949 947 937 935 905 901 899 896 895 893 881 880 873 868 865 862 855 846 842 832 829 824 815 814 805 796 781 780 773 769 763 753 744 743 730 727 711 710 694 692 685 680 672 669 667 661 647 644 631 630 624 607 597 593 575 573 569 551 548 543 541 538 537 536 530 529 528 525 522 519 515 513 500 495 492 490 489 473 472 469 466 465 451 442 434 426 423 419 414 410 409 407 405 404 402 395 391 390 387 385 375 367 348 345 343 342 308 297 290 288 278 272 259 258 257 244 237 236 234 215 213 205 203 202 199 184 183 182 178 177 176 175 174 173 172 171 133 132 131 130 123 122 121 120 119 118 117 116 115 114 113 112 111 110 109 108 94 93 92 91 90 89 71 70 69 68 67 66 59 28 27 26 25 24 17 16 10 9 8
>  69
>  70 1195 1167 1135 1119 1113 1094 1092 1090 1086 1074 1072 1071 1068 1045 1036 891 853 784 757 741 724 712 703 702 701 693 635 624 611 584 575 571 565 557 523 520 512 471 468 443 429 401 397 382 379 371 367 360 337 319 302 290 204 203 198 197 127 126 125 123 122 121 120 119 118 117 116 88 87 86 85 84 83 82 81 80 79 78 23 22 21 20 19 18 17 7 6 5 4 3 2 1
>  71 1180 1164 1129 935 886 842 675 667 657 646 611 610 549 540 536 520 517 472 426 335 303 291 278 276 272 238 215 213 198 184 183 182 178 177 176 175 174 173 172 171 88 87 86 71 70 69 68 67 66 59 7 6 5 4 3 2
>  72 1218 1213 1205 1204 1203 1193 1181 1177 1171 1164 1162 1149 1136 1130 1118 1116 1115 1105 1087 1077 1066 1054 1052 1042 1033 1030 1027 1011 999 977 973 966 955 953 950 947 928 921 915 893 890 881 877 857 851 850 846 829 815 806 801 798 796 794 790 787 774 772 771 769 766 753 744 743 736 734 718 717 711 710 698 694 680 676 670 668 665 662 654 637 630 629 617 604 588 585 576 569 554 553 551 548 538 537 536 530 529 525 524 513 505 503 493 492 482 475 472 469 465 464 442 439 438 437 414 407 406 402 396 390 388 387 374 356 342 340 336 333 329 327 322 309 308 294 292 286 268 246 244 243 241 230 213 212 205 202 201 178 177 176 175 174 173 172 171 170 169 168 167 133 132 131 130 115 114 113 112 111 110 109 108 107 106 105 104 103 102 59 57 56 55 54 53 52 30 29 28 27 26 25 24 16 15 14 13
>  73 1180 1164 886 675 646 611 610 536 520 472 303 291 276 213 198 178 177 176 175 174 173 172 171 88 87 86 59 7 6 5 4 3 2
>  74 1214 1205 1180 1164 1137 1123 1002 985 976 945 941 921 917 906 886 835 828 811 808 759 746 717 714 675 659 654 646 614 611 610 592 576 572 556 554 553 550 546 536 520 516 487 472 467 458 440 437 418 406 398 386 336 303 298 294 291 280 276 263 235 231 230 213 212 208 198 178 177 176 175 174 173 172 171 170 169 168 151 150 149 148 147 146 145 88 87 86 59 57 56 55 54 53 52 39 38 7 6 5 4 3 2
>  75 871 700 651 618 608 559 537 492 299 274 214 205 181 180 179 133 132 131 130 129 128 65 64 63 62 61 60 26 25 24
>  76 1164 659 556 536 472 398 235 231 213 208 178 177 176 175 174 173 172 171 151 150 149 148 147 146 145 59 39 38
>  77 1119 1005 784 758 739 691 658 636 624 611 575 563 555 544 520 491 485 443 429 369 367 358 321 295 290 247 210 203 198 164 163 162 161 160 159 123 122 121 120 119 118 117 116 88 87 86 44 43 42 17 7 6 5 4 3 2
>  78 611 520 198 88 87 86 7 6 5 4 3 2
>  79 1204 1203 1180 1174 1164 1096 999 975 886 846 744 722 710 699 683 675 646 611 610 569 548 538 536 520 472 442 414 407 342 308 303 291 282 276 244 213 202 198 178 177 176 175 174 173 172 171 115 114 113 112 111 110 109 108 88 87 86 59 16 7 6 5 4 3 2
>  80 1180 1164 1095 942 904 886 712 693 675 650 646 611 610 542 536 526 523 520 499 472 453 412 371 365 303 291 276 213 204 198 178 177 176 175 174 173 172 171 127 126 125 88 87 86 59 23 22 21 20 19 18 7 6 5 4 3 2
>  81 1205 1164 1123 985 976 961 921 811 808 717 714 659 654 614 576 572 556 554 553 550 536 472 437 418 406 398 336 305 294 280 235 231 230 213 212 208 178 177 176 175 174 173 172 171 170 169 168 167 151 150 149 148 147 146 145 59 57 56 55 54 53 52 39 38
>  82 1119 1005 784 758 739 691 658 636 624 611 575 563 555 544 520 491 485 443 429 369 367 358 321 295 290 247 210 203 198 164 163 162 161 160 159 123 122 121 120 119 118 117 116 88 87 86 44 43 42 17 7 6 5 4 3 2
>  83 1180 1164 1163 1097 982 886 854 708 675 646 611 610 601 579 536 533 520 518 472 416 381 303 291 276 271 265 240 213 200 198 178 177 176 175 174 173 172 171 101 100 99 98 97 96 95 88 87 86 59 12 11 7 6 5 4 3 2
>  84 1205 1190 1171 1164 1162 1123 1077 1061 1027 985 976 961 955 921 811 808 806 798 786 766 717 714 698 668 662 659 654 616 614 588 585 576 572 556 554 553 550 536 505 503 486 472 464 450 437 418 406 398 396 374 356 336 333 305 294 280 279 250 235 231 230 213 212 208 201 178 177 176 175 174 173 172 171 170 169 168 167 151 150 149 148 147 146 145 107 106 105 104 103 102 59 57 56 55 54 53 52 39 38 15 14 13
>  85 837 716 690 667 656 547 498 426 376 256 229 215 206 184 183 182 137 136 135 134 71 70 69 68 67 66 35 34 33 32 31
>  86 1051 1041 761 562 539 481 462 454 425 415 355 325 274 214 207 201 181 180 179 144 143 142 141 140 139 138 107 106 105 104 103 102 65 64 63 62 61 60 37 36 15 14 13
>  87 1180 1164 886 675 646 611 610 536 520 472 303 291 276 213 198 178 177 176 175 174 173 172 171 88 87 86 59 7 6 5 4 3 2
>  88 1180 1164 1163 1097 982 886 854 708 675 646 611 610 601 579 536 533 520 518 472 416 381 303 291 276 271 265 240 213 200 198 178 177 176 175 174 173 172 171 101 100 99 98 97 96 95 88 87 86 59 12 11 7 6 5 4 3 2
>  89 1173 1119 1051 959 784 761 679 677 649 624 611 575 520 508 443 429 428 415 367 355 351 325 290 264 254 209 207 203 198 158 157 156 155 154 153 152 144 143 142 141 140 139 138 123 122 121 120 119 118 117 116 88 87 86 41 40 37 36 17 7 6 5 4 3 2
>  90
>  91 1163 1097 982 854 708 611 601 579 533 520 518 416 381 271 265 240 200 198 101 100 99 98 97 96 95 88 87 86 12 11 7 6 5 4 3 2
>  92 1180 1164 1163 1097 982 886 854 708 675 646 611 610 601 579 536 533 520 518 472 416 381 303 291 276 271 265 240 213 200 198 178 177 176 175 174 173 172 171 101 100 99 98 97 96 95 88 87 86 59 12 11 7 6 5 4 3 2
>  93 1214 1205 1180 1164 1137 1123 1002 985 976 945 941 921 917 906 886 835 828 811 808 759 746 717 714 675 659 654 646 614 611 610 592 576 572 556 554 553 550 546 536 520 516 487 472 467 458 440 437 418 406 398 386 336 303 298 294 291 280 276 263 235 231 230 213 212 208 198 178 177 176 175 174 173 172 171 170 169 168 151 150 149 148 147 146 145 88 87 86 59 57 56 55 54 53 52 39 38 7 6 5 4 3 2
>  94 1205 1193 1181 1180 1177 1169 1164 1137 1136 1116 1084 1070 1059 1054 941 934 921 893 890 886 877 872 815 801 794 768 759 746 743 717 707 695 694 680 676 675 654 646 629 622 611 610 576 554 553 537 536 529 525 520 493 487 472 467 458 440 437 406 402 390 387 386 344 340 336 322 303 294 291 276 230 227 213 212 205 198 178 177 176 175 174 173 172 171 170 169 168 167 133 132 131 88 87 86 59 56 55 54 53 52 29 28 27 26 25 24 7 6 5 4 3 2
>  95 1189 1178 1125 1119 1089 1070 1059 1057 1043 1037 1028 987 944 933 929 915 901 857 852 838 807 784 781 773 735 715 707 695 669 664 631 624 611 604 575 537 528 525 520 519 514 492 477 443 438 429 387 384 367 363 357 344 292 290 288 287 286 243 236 227 205 203 201 198 133 132 131 130 123 122 121 120 119 118 117 116 107 106 105 104 103 102 88 87 86 28 27 26 25 24 17 15 14 13 7 6 5 4 3 2
>  96 1204 1203 1193 1181 1164 1116 999 947 928 893 846 829 815 801 796 769 753 744 743 711 710 694 680 630 569 551 548 538 537 536 529 525 513 472 469 465 442 414 407 402 390 388 387 342 308 244 213 205 202 178 177 176 175 174 173 172 171 133 132 131 115 114 113 112 111 110 109 108 59 29 28 27 26 25 24 16
>  97 611 520 198 88 87 86 7 6 5 4 3 2
>  98 1214 1180 1164 945 917 886 828 675 659 646 611 610 592 556 536 520 516 472 398 303 298 291 276 263 235 231 213 208 198 178 177 176 175 174 173 172 171 151 150 149 148 147 146 145 88 87 86 59 39 38 7 6 5 4 3 2
>  99 1166 1159 1152 1114 1074 1071 1070 1069 1059 1018 1012 1008 930 891 863 861 801 777 775 770 764 748 742 724 707 703 695 681 634 622 613 612 611 605 589 584 583 565 564 557 537 531 525 520 510 506 496 492 478 476 455 441 420 413 408 403 401 394 387 382 379 377 344 316 310 275 269 242 233 227 217 205 198 197 196 195 194 193 192 191 190 189 133 132 131 130 88 87 86 85 84 83 82 81 80 79 78 77 29 28 27 26 25 24 7 6 5 4 3 2 1
>  100 1216 1205 1182 1164 1133 1123 1119 1073 1034 1010 985 976 961 936 927 921 910 903 896 865 848 826 811 808 800 717 714 692 685 659 654 648 643 624 614 590 587 576 575 572 566 556 554 553 550 545 536 515 490 472 437 418 406 398 368 367 350 348 345 336 305 294 290 280 258 235 234 231 230 213 212 208 203 178 177 176 175 174 173 172 171 170 169 168 167 151 150 149 148 147 146 145 123 122 121 120 119 118 117 116 59 57 56 55 54 53 52 39 38 17
>  101 1216 1205 1204 1203 1193 1183 1182 1181 1177 1164 1136 1125 1119 1116 1105 1093 1076 1073 1066 1062 1054 1047 1034 1030 999 977 966 951 949 947 937 936 921 910 901 899 896 895 893 881 877 868 865 862 851 850 846 829 826 815 800 796 794 781 774 773 769 753 744 743 727 718 717 711 710 694 692 685 680 676 669 654 643 637 631 630 629 624 617 593 590 576 575 569 554 553 551 548 538 537 536 530 529 528 525 519 515 513 492 490 489 482 472 469 465 442 437 419 414 407 406 402 390 387 368 367 350 348 345 342 340 336 322 309 308 294 290 288 258 244 236 234 230 213 212 205 203 202 178 177 176 175 174 173 172 171 170 169 168 133 132 131 130 123 122 121 120 119 118 117 116 115 114 113 112 111 110 109 108 59 57 56 55 54 53 52 28 27 26 25 24 17 16
>  102 1119 784 624 611 575 520 443 429 367 290 203 198 123 122 121 120 119 118 117 116 88 87 86 17 7 6 5 4 3 2
>  103 1215 1214 1210 1194 1176 1151 1096 1074 1071 1067 1031 1022 1013 1007 1006 999 957 919 891 876 833 828 817 812 747 744 729 724 710 703 699 683 633 628 611 592 586 584 574 565 558 557 548 538 520 516 442 414 401 400 382 380 379 370 359 331 298 282 263 248 223 208 202 198 197 151 150 149 148 147 146 145 115 114 113 112 111 110 109 108 88 87 86 85 84 83 82 81 80 79 78 39 38 16 7 6 5 4 3 2 1
>  104 1163 1097 1074 1071 982 891 854 724 708 703 611 601 584 579 565 557 533 520 518 416 401 382 381 379 271 265 240 200 198 197 101 100 99 98 97 96 95 88 87 86 85 84 83 82 81 80 79 78 12 11 7 6 5 4 3 2 1
>  105 1114 837 716 691 690 681 667 656 636 547 498 426 394 377 376 369 316 295 269 256 229 217 215 210 206 196 195 194 193 192 191 190 189 184 183 182 164 163 162 161 160 159 137 136 135 134 77 71 70 69 68 67 66 44 43 42 35 34 33 32 31
>  106
>  107 1119 784 624 611 575 520 443 429 367 290 203 198 123 122 121 120 119 118 117 116 88 87 86 17 7 6 5 4 3 2
>  108 1205 1164 1123 985 976 961 921 811 808 717 714 659 654 614 576 572 556 554 553 550 536 472 437 418 406 398 336 305 294 280 235 231 230 213 212 208 178 177 176 175 174 173 172 171 170 169 168 167 151 150 149 148 147 146 145 59 57 56 55 54 53 52 39 38
>  109 1005 758 739 691 658 636 611 563 555 544 520 491 485 369 358 321 295 247 210 198 164 163 162 161 160 159 88 87 86 44 43 42 7 6 5 4 3 2
>  110 1216 1205 1190 1189 1182 1171 1164 1162 1133 1123 1119 1077 1073 1061 1034 1027 1010 985 976 961 955 936 927 921 910 907 903 896 865 864 848 844 826 811 808 806 800 798 786 766 717 714 698 692 685 668 662 659 654 648 643 624 616 614 590 588 587 585 576 575 572 566 556 554 553 550 545 536 515 505 503 490 486 477 472 464 450 437 418 406 398 396 384 374 368 367 357 356 350 348 345 336 333 305 294 290 280 279 258 250 235 234 231 230 213 212 208 203 201 178 177 176 175 174 173 172 171 170 169 168 167 151 150 149 148 147 146 145 123 122 121 120 119 118 117 116 107 106 105 104 103 102 59 57 56 55 54 53 52 39 38 17 15 14 13
>  111 1209 1193 1181 1164 1116 1098 1088 1061 973 946 915 893 857 816 815 801 790 786 743 698 694 686 680 659 645 616 604 556 537 536 529 525 524 503 488 486 472 450 445 438 402 398 390 387 356 304 292 286 279 268 250 243 235 232 231 213 208 205 201 178 177 176 175 174 173 172 171 151 150 149 148 147 146 145 133 132 131 107 106 105 104 103 102 59 39 38 29 28 27 26 25 24 15 14 13
>  112 1119 624 575 367 290 203 123 122 121 120 119 118 117 116 17
>  113 1204 1203 1193 1191 1189 1183 1182 1181 1179 1164 1156 1129 1125 1119 1118 1116 1107 1105 1093 1076 1066 1062 1047 1043 1042 1011 999 989 973 971 951 949 947 937 935 915 907 905 901 899 896 895 893 881 873 868 865 864 862 857 855 852 846 844 842 832 829 824 815 796 790 787 781 780 773 772 771 769 763 753 744 743 734 727 711 710 698 694 692 685 680 670 669 667 665 631 630 624 604 593 575 573 569 551 548 538 537 536 530 529 528 525 522 519 515 513 503 500 495 492 490 489 477 475 473 472 469 465 451 442 439 438 434 426 419 414 409 407 404 402 391 390 387 385 384 375 367 357 356 348 345 342 329 327 308 297 292 290 288 286 278 272 258 246 244 243 236 234 215 213 205 203 202 201 184 183 182 178 177 176 175 174 173 172 171 133 132 131 130 123 122 121 120 119 118 117 116 115 114 113 112 111 110 109 108 107 106 105 104 103 102 71 70 69 68 67 66 59 28 27 26 25 24 17 16 15 14 13
>  114 1214 828 611 592 520 516 298 263 208 198 151 150 149 148 147 146 145 88 87 86 39 38 7 6 5 4 3 2
>  115 1173 1070 1063 1059 1051 988 959 956 767 761 707 695 679 677 611 567 537 525 520 508 492 480 428 415 387 355 351 344 325 306 264 260 227 207 205 198 144 143 142 141 140 139 138 133 132 131 130 88 87 86 37 36 28 27 26 25 24 7 6 5 4 3 2
>  116 1216 1205 1190 1189 1182 1171 1164 1162 1133 1123 1119 1077 1073 1061 1034 1027 1010 985 976 961 955 936 927 921 910 907 903 896 865 864 848 844 826 811 808 806 800 798 786 766 717 714 698 692 685 668 662 659 654 648 643 624 616 614 590 588 587 585 576 575 572 566 556 554 553 550 545 536 515 505 503 490 486 477 472 464 450 437 418 406 398 396 384 374 368 367 357 356 350 348 345 336 333 305 294 290 280 279 258 250 235 234 231 230 213 212 208 203 201 178 177 176 175 174 173 172 171 170 169 168 167 151 150 149 148 147 146 145 123 122 121 120 119 118 117 116 107 106 105 104 103 102 59 57 56 55 54 53 52 39 38 17 15 14 13
>  117 1182 1180 1164 1163 1119 1097 982 896 886 865 854 784 708 692 685 675 646 624 611 610 601 579 575 536 533 520 518 515 490 472 443 429 416 381 367 348 345 303 291 290 276 271 265 258 240 234 213 203 200 198 178 177 176 175 174 173 172 171 123 122 121 120 119 118 117 116 101 100 99 98 97 96 95 88 87 86 59 17 12 11 7 6 5 4 3 2
>  118 1209 1193 1181 1164 1116 1098 946 893 815 801 743 694 686 680 659 645 556 537 536 529 525 488 472 445 402 398 390 387 304 235 232 231 213 208 205 178 177 176 175 174 173 172 171 151 150 149 148 147 146 145 133 132 131 59 39 38 29 28 27 26 25 24
>  119 1214 1119 1010 828 784 648 624 611 592 587 575 566 545 520 516 443 429 367 298 290 263 208 203 198 151 150 149 148 147 146 145 123 122 121 120 119 118 117 116 88 87 86 39 38 17 7 6 5 4 3 2
>  120 1204 1203 1164 999 846 744 710 569 548 538 536 472 442 414 407 342 308 244 213 202 178 177 176 175 174 173 172 171 115 114 113 112 111 110 109 108 59 16
>  121 1207 1204 1203 1193 1191 1181 1179 1164 1156 1131 1129 1116 1109 1106 1105 1066 1055 1044 1040 1020 999 990 989 971 963 947 935 918 911 893 883 881 873 846 842 837 834 832 829 827 815 796 792 780 769 753 744 743 725 720 719 716 711 710 696 694 690 680 674 667 656 630 626 582 573 569 560 551 548 547 538 537 536 530 529 525 522 521 513 509 501 500 498 495 492 473 472 470 469 465 457 448 442 434 426 417 414 407 402 390 387 376 375 372 342 318 308 301 297 278 272 262 256 249 244 229 224 215 213 206 205 202 184 183 182 178 177 176 175 174 173 172 171 137 136 135 134 133 132 131 130 115 114 113 112 111 110 109 108 71 70 69 68 67 66 59 35 34 33 32 31 28 27 26 25 24 16
>  122 1213 1130 1115 1054 915 877 857 798 774 766 736 668 662 654 629 617 604 588 537 525 505 493 492 464 438 437 396 387 374 340 333 322 292 286 243 230 212 205 201 170 169 168 167 133 132 131 130 107 106 105 104 103 102 55 54 53 52 28 27 26 25 24 15 14 13
>  123 1189 1183 1125 1119 1062 1047 1043 1042 999 951 949 947 937 915 901 899 895 868 857 852 801 796 787 781 773 772 771 769 744 734 711 710 670 669 665 631 630 624 604 593 575 551 548 538 537 528 525 524 519 513 489 477 475 469 465 442 439 438 419 414 388 387 384 367 357 329 327 292 290 288 286 268 246 243 236 205 203 202 201 133 132 131 123 122 121 120 119 118 117 116 115 114 113 112 111 110 109 108 107 106 105 104 103 102 29 28 27 26 25 24 17 16 15 14 13
>  124
>  125 1051 761 523 415 355 325 253 207 204 144 143 142 141 140 139 138 127 126 125 124 37 36 22 21 20 19 18
>  126 1219 1207 1164 1157 891 854 836 834 762 720 696 626 584 582 560 557 536 509 498 472 470 459 381 379 376 318 314 311 300 271 267 256 249 240 226 225 222 213 206 200 197 178 177 176 175 174 173 172 171 137 136 135 134 101 100 99 98 97 96 95 85 84 83 82 81 80 79 78 59 35 34 33 32 31 12 11 1
>  127 1207 1204 1203 1193 1191 1183 1182 1181 1179 1164 1156 1131 1129 1125 1119 1116 1109 1107 1106 1105 1093 1076 1066 1062 1055 1047 1044 1040 1020 999 990 989 971 963 951 949 947 937 935 918 911 905 901 899 896 895 893 883 881 873 868 865 862 855 846 842 837 834 832 829 827 824 815 796 792 781 780 773 769 763 753 744 743 727 725 720 719 716 711 710 696 694 692 690 685 680 674 669 667 656 631 630 626 624 593 582 575 573 569 560 551 548 547 538 537 536 530 529 528 525 522 521 519 515 513 509 501 500 498 495 492 490 489 473 472 470 469 465 457 451 448 442 434 426 419 417 414 409 407 404 402 391 390 387 385 376 375 372 367 348 345 342 318 308 301 297 290 288 278 272 262 258 256 249 244 236 234 229 224 215 213 206 205 203 202 184 183 182 178 177 176 175 174 173 172 171 137 136 135 134 133 132 131 130 123 122 121 120 119 118 117 116 115 114 113 112 111 110 109 108 71 70 69 68 67 66 59 35 34 33 32 31 28 27 26 25 24 17 16
>  128 1125 1119 901 801 781 773 669 631 624 575 537 528 525 519 387 367 290 288 236 205 203 133 132 131 123 122 121 120 119 118 117 116 29 28 27 26 25 24 17
>  129 1204 1203 1193 1191 1181 1179 1164 1156 1129 1116 1105 1066 999 989 971 947 935 893 881 873 846 842 832 829 815 796 780 769 753 744 743 711 710 694 680 667 630 573 569 551 548 538 537 536 530 529 525 522 513 500 495 492 473 472 469 465 442 434 426 414 407 402 390 387 375 342 308 297 278 272 244 215 213 205 202 184 183 182 178 177 176 175 174 173 172 171 133 132 131 130 115 114 113 112 111 110 109 108 71 70 69 68 67 66 59 28 27 26 25 24 16
>  130 1051 956 761 594 567 559 537 525 492 480 415 387 355 325 306 299 260 207 205 144 143 142 141 140 139 138 133 132 131 130 129 128 37 36 28 27 26 25 24
>  131 611 520 198 88 87 86 7 6 5 4 3 2
>  132 1051 999 761 744 710 660 599 548 538 474 449 442 415 414 355 325 207 202 144 143 142 141 140 139 138 115 114 113 112 111 110 109 108 37 36 16
>  133 1180 1164 1111 1110 1048 888 886 813 733 713 675 646 611 610 536 520 472 466 427 405 343 303 293 291 276 259 257 213 199 198 178 177 176 175 174 173 172 171 94 93 92 91 90 89 88 87 86 59 10 9 8 7 6 5 4 3 2
>  134 1205 1164 1123 985 976 961 921 811 808 717 714 659 654 614 576 572 556 554 553 550 536 472 437 418 406 398 336 305 294 280 235 231 230 213 212 208 178 177 176 175 174 173 172 171 170 169 168 167 151 150 149 148 147 146 145 59 57 56 55 54 53 52 39 38
>  135 1028 715 664 611 520 514 363 287 201 198 107 106 105 104 103 102 88 87 86 15 14 13 7 6 5 4 3 2
>  136 1216 1119 1111 1073 826 800 654 643 624 590 576 575 437 405 368 367 350 343 336 290 230 212 203 199 170 169 168 123 122 121 120 119 118 117 116 94 93 92 91 90 89 57 56 55 54 53 52 17 10 9 8
>  137 1186 1184 1155 1150 1146 1140 1117 1111 1102 1096 1080 1070 1059 1058 1032 1023 1019 1003 999 970 964 947 913 888 882 880 870 860 845 843 840 831 814 805 801 796 769 745 744 733 730 728 713 711 710 707 705 699 695 683 682 678 672 666 661 647 644 630 622 611 607 597 596 580 568 551 548 543 541 538 537 525 520 513 511 497 494 469 465 463 442 427 423 414 410 405 395 388 387 383 346 344 343 324 320 293 282 281 237 227 219 216 205 202 199 198 188 187 186 185 133 132 131 115 114 113 112 111 110 109 108 94 93 92 91 90 89 88 87 86 76 75 74 73 72 29 28 27 26 25 24 16 10 9 8 7 6 5 4 3 2
>  138 801 537 525 387 205 133 132 131 29 28 27 26 25 24
>  139 1163 1097 982 854 708 611 601 579 533 520 518 416 381 271 265 240 200 198 101 100 99 98 97 96 95 88 87 86 12 11 7 6 5 4 3 2
>  140 667 523 426 253 215 204 184 183 182 127 126 125 124 71 70 69 68 67 66 22 21 20 19 18
>  141 1180 1164 1163 1097 982 886 854 708 675 646 611 610 601 579 536 533 520 518 472 416 381 303 291 276 271 265 240 213 200 198 178 177 176 175 174 173 172 171 101 100 99 98 97 96 95 88 87 86 59 12 11 7 6 5 4 3 2
>  142 1143 689 611 600 552 532 520 349 313 274 214 198 181 180 179 88 87 86 65 64 63 62 61 60 7 6 5 4 3 2
>  143 1214 1194 1123 1101 1074 1071 1002 985 976 967 906 891 884 847 835 828 820 817 811 746 724 714 706 703 655 654 652 614 611 592 584 576 572 565 558 557 550 546 520 516 502 487 467 458 440 437 432 418 401 386 382 379 364 359 341 336 331 317 298 280 263 248 239 230 212 208 198 197 170 169 168 151 150 149 148 147 146 145 88 87 86 85 84 83 82 81 80 79 78 57 56 55 54 53 52 39 38 7 6 5 4 3 2 1
>  144 1204 1203 1180 1174 1164 1096 999 975 886 846 744 722 710 699 683 675 649 646 611 610 569 548 538 536 520 472 442 414 407 342 308 303 291 282 276 254 244 213 209 202 198 178 177 176 175 174 173 172 171 158 157 156 155 154 153 152 115 114 113 112 111 110 109 108 88 87 86 59 41 40 16 7 6 5 4 3 2
>  145 1173 1154 1143 1122 1070 1063 1059 1051 1041 1038 988 959 956 871 856 797 795 767 765 761 756 755 707 700 695 689 679 677 651 618 611 608 600 567 562 552 539 537 532 525 520 508 492 481 480 462 454 428 425 415 387 355 351 349 344 339 325 313 307 306 274 264 260 227 214 207 205 198 181 180 179 144 143 142 141 140 139 138 133 132 131 130 88 87 86 65 64 63 62 61 60 37 36 28 27 26 25 24 7 6 5 4 3 2
>  146 1205 1164 921 717 654 576 554 553 536 472 437 406 336 294 230 213 212 178 177 176 175 174 173 172 171 170 169 168 167 59 57 56 55 54 53 52
>  147 1105 1066 999 925 744 710 559 548 538 537 513 492 469 442 414 299 205 202 133 132 131 130 129 128 115 114 113 112 111 110 109 108 26 25 24 16
>  148 559 537 492 299 205 133 132 131 130 129 128 26 25 24
>  149 1204 1203 1193 1191 1183 1182 1181 1179 1164 1156 1129 1125 1119 1116 1107 1093 1076 1062 1047 999 989 951 949 947 937 935 928 905 901 899 896 895 893 873 868 865 862 855 846 842 832 829 824 815 801 796 781 780 773 769 763 753 744 743 727 711 710 694 692 685 680 669 667 631 630 624 593 575 573 569 551 548 538 537 536 529 528 525 522 519 515 513 500 495 490 489 473 472 469 465 451 442 434 426 419 414 409 407 404 402 391 390 388 387 385 375 367 348 345 342 308 290 288 278 272 258 244 236 234 215 213 205 203 202 184 183 182 178 177 176 175 174 173 172 171 133 132 131 123 122 121 120 119 118 117 116 115 114 113 112 111 110 109 108 71 70 69 68 67 66 59 29 28 27 26 25 24 17 16
>  150 1214 1114 863 837 828 777 742 716 690 681 667 657 656 621 619 612 611 603 592 564 549 547 540 520 517 516 510 498 455 441 426 413 394 377 376 335 316 298 296 273 269 263 256 242 238 229 217 215 208 206 198 196 195 194 193 192 191 190 189 184 183 182 151 150 149 148 147 146 145 137 136 135 134 88 87 86 77 71 70 69 68 67 66 39 38 35 34 33 32 31 7 6 5 4 3 2
>  151 1136 1054 877 774 676 654 629 617 576 537 525 492 437 387 340 336 322 230 212 205 170 169 168 133 132 131 130 57 56 55 54 53 52 28 27 26 25 24
>  152 537 525 492 387 205 133 132 131 130 28 27 26 25 24
>  153 1119 784 624 611 575 520 443 429 367 290 203 198 123 122 121 120 119 118 117 116 88 87 86 17 7 6 5 4 3 2
>  154 1213 1205 1193 1186 1184 1181 1177 1171 1164 1162 1155 1136 1130 1116 1115 1111 1077 1058 1054 1027 973 970 955 950 921 915 893 890 881 880 877 857 815 814 806 805 798 794 790 774 766 743 736 730 717 698 694 680 676 672 668 662 661 654 647 644 629 617 607 604 597 588 585 576 554 553 537 536 530 529 525 505 503 493 492 472 466 464 438 437 410 406 405 402 396 390 387 374 356 343 340 336 333 322 294 292 286 259 257 243 237 230 213 212 205 201 199 178 177 176 175 174 173 172 171 170 169 168 167 133 132 131 130 107 106 105 104 103 102 94 93 92 91 90 89 59 57 56 55 54 53 52 28 27 26 25 24 15 14 13 10 9 8
>  155 1214 1111 888 828 733 713 611 592 520 516 427 405 343 298 293 263 208 199 198 151 150 149 148 147 146 145 94 93 92 91 90 89 88 87 86 39 38 10 9 8 7 6 5 4 3 2
>  156 837 716 690 667 656 547 498 426 376 256 229 215 206 184 183 182 137 136 135 134 71 70 69 68 67 66 35 34 33 32 31
>  157 537 525 492 387 205 133 132 131 130 28 27 26 25 24
>  158 1205 1204 1203 1193 1181 1180 1177 1174 1169 1164 1137 1136 1116 1105 1096 1084 1070 1066 1059 1054 1033 1030 1000 999 977 975 966 947 941 934 928 921 893 886 881 877 872 851 850 846 831 829 815 801 796 794 774 769 768 759 753 746 744 743 722 718 717 711 710 707 699 695 694 683 680 676 675 654 646 637 630 629 622 617 611 610 576 569 554 553 551 548 546 538 537 536 530 529 525 520 513 492 487 482 472 469 467 465 458 442 440 437 414 407 406 402 390 388 387 386 344 342 340 336 322 309 308 303 294 291 282 276 244 230 227 213 212 205 202 198 178 177 176 175 174 173 172 171 170 169 168 133 132 131 130 115 114 113 112 111 110 109 108 88 87 86 59 57 56 55 54 53 52 29 28 27 26 25 24 16 7 6 5 4 3 2
>  159 611 520 198 88 87 86 7 6 5 4 3 2
>  160 1216 1119 1111 1073 826 800 654 643 624 590 576 575 437 405 368 367 350 343 336 290 230 212 203 199 170 169 168 123 122 121 120 119 118 117 116 94 93 92 91 90 89 57 56 55 54 53 52 17 10 9 8
>  161 1217 1215 1214 1210 1205 1204 1203 1180 1174 1164 1138 1137 1123 1096 1031 1030 1002 1000 999 986 985 979 977 976 975 966 958 945 941 921 917 906 886 851 850 846 835 828 822 812 811 808 759 746 744 722 718 717 714 710 699 683 675 659 654 646 637 633 614 611 610 592 586 576 574 572 569 556 554 553 550 548 546 538 536 520 516 487 482 472 467 458 442 440 437 418 414 407 406 398 386 342 336 309 308 303 298 294 291 282 280 276 263 244 235 231 230 223 213 212 208 202 198 178 177 176 175 174 173 172 171 170 169 168 151 150 149 148 147 146 145 115 114 113 112 111 110 109 108 88 87 86 59 57 56 55 54 53 52 39 38 16 7 6 5 4 3 2
>  162 1217 1215 1214 1210 1209 1205 1204 1203 1193 1181 1180 1177 1174 1169 1164 1138 1137 1136 1123 1116 1098 1096 1084 1070 1059 1054 1033 1031 1030 1002 1000 999 995 992 986 985 981 979 977 976 975 966 958 947 946 945 941 934 928 921 917 906 893 886 877 872 851 850 849 846 835 831 829 828 822 815 812 811 808 801 796 794 769 768 759 753 752 746 744 743 722 718 717 714 711 710 707 699 695 694 686 683 680 676 675 659 654 646 645 637 633 630 629 622 614 611 610 592 586 576 574 572 569 556 554 553 551 550 548 546 538 537 536 529 525 520 516 513 488 487 482 472 469 467 465 458 445 442 440 437 418 414 407 406 402 398 390 388 387 386 344 342 340 336 322 309 308 304 303 298 294 291 282 280 276 263 244 235 232 231 230 227 223 213 212 208 205 202 198 178 177 176 175 174 173 172 171 170 169 168 151 150 149 148 147 146 145 133 132 131 115 114 113 112 111 110 109 108 88 87 86 59 57 56 55 54 53 52 39 38 29 28 27 26 25 24 16 7 6 5 4 3 2
>  163 1114 837 716 690 681 667 656 547 498 426 394 377 376 316 269 256 229 217 215 206 196 195 194 193 192 191 190 189 184 183 182 137 136 135 134 77 71 70 69 68 67 66 35 34 33 32 31
>  164 1204 1203 1193 1191 1183 1182 1181 1179 1164 1156 1129 1125 1119 1116 1107 1105 1093 1076 1066 1062 1047 999 989 971 951 949 947 937 935 905 901 899 896 895 893 881 873 868 865 862 855 846 842 832 829 824 815 796 781 780 773 769 763 753 744 743 727 711 710 694 692 685 680 669 667 631 630 624 593 575 573 569 551 548 538 537 536 530 529 528 525 522 519 515 513 500 495 492 490 489 473 472 469 465 451 442 434 426 419 414 409 407 404 402 391 390 387 385 375 367 348 345 342 308 297 290 288 278 272 258 244 236 234 215 213 205 203 202 184 183 182 178 177 176 175 174 173 172 171 133 132 131 130 123 122 121 120 119 118 117 116 115 114 113 112 111 110 109 108 71 70 69 68 67 66 59 28 27 26 25 24 17 16
>  165 1119 784 624 611 575 520 443 429 367 290 203 198 123 122 121 120 119 118 117 116 88 87 86 17 7 6 5 4 3 2
>  166 1005 758 739 691 658 636 611 563 555 544 520 491 485 369 358 321 295 247 210 198 164 163 162 161 160 159 88 87 86 44 43 42 7 6 5 4 3 2
>  167 1180 1164 886 675 646 611 610 536 520 472 303 291 276 213 198 178 177 176 175 174 173 172 171 88 87 86 59 7 6 5 4 3 2
>  168 1214 1205 1180 1164 1137 1123 1002 985 976 945 941 921 917 906 886 835 828 811 808 759 746 717 714 675 659 654 646 614 611 610 592 576 572 556 554 553 550 546 536 520 516 487 472 467 458 440 437 418 406 398 386 336 303 298 294 291 280 276 263 235 231 230 213 212 208 198 178 177 176 175 174 173 172 171 170 169 168 151 150 149 148 147 146 145 88 87 86 59 57 56 55 54 53 52 39 38 7 6 5 4 3 2
>  169 1219 1218 1213 1208 1205 1204 1203 1199 1193 1188 1181 1180 1177 1176 1175 1174 1172 1171 1169 1164 1162 1161 1160 1159 1157 1153 1151 1149 1148 1137 1136 1130 1128 1126 1121 1118 1116 1115 1108 1105 1096 1091 1089 1087 1084 1077 1074 1071 1070 1067 1066 1060 1059 1054 1052 1049 1042 1039 1035 1033 1030 1028 1022 1018 1011 1006 1004 1000 999 998 997 987 984 977 975 973 966 957 955 953 952 950 947 943 941 938 934 932 929 928 921 919 915 914 897 893 891 889 887 886 884 881 878 877 875 874 872 869 867 861 858 857 851 850 846 839 836 833 831 829 823 815 809 806 801 796 794 790 787 776 775 774 772 771 770 769 768 766 764 762 759 753 748 747 746 744 743 740 738 737 736 734 726 724 722 718 717 715 711 710 707 706 703 699 698 695 694 683 680 676 675 670 665 664 662 655 654 652 646 639 637 634 630 629 628 622 617 611 610 605 604 589 588 585 584 577 576 569 565 557 554 553 551 548 546 538 537 536 531 530 529 525 524 520 514 513 505 503 502 496 492 487 482 478 476 475 472 469 467 465 464 461 459 458 447 442 440 439 438 437 432 414 408 407 406 402 401 400 390 388 387 386 382 380 379 374 370 364 363 356 347 344 342 341 340 336 333 329 327 322 317 314 311 310 309 308 303 300 294 292 291 287 286 282 276 275 268 267 255 251 246 244 243 239 230 227 226 225 222 213 212 205 202 201 198 197 178 177 176 175 174 173 172 171 170 169 168 133 132 131 130 115 114 113 112 111 110 109 108 107 106 105 104 103 102 88 87 86 85 84 83 82 81 80 79 78 59 57 56 55 54 53 52 29 28 27 26 25 24 16 15 14 13 7 6 5 4 3 2 1
>  170 1218 1217 1215 1214 1213 1210 1209 1208 1205 1204 1203 1193 1190 1181 1180 1177 1174 1171 1169 1164 1162 1149 1139 1138 1137 1136 1130 1128 1123 1121 1118 1116 1115 1108 1098 1096 1089 1088 1087 1084 1077 1070 1061 1059 1056 1054 1052 1049 1042 1039 1033 1031 1030 1028 1011 1002 1000 999 995 993 992 987 986 985 981 979 977 976 975 973 966 958 955 953 950 947 946 945 941 934 929 928 923 921 917 915 912 906 893 886 877 874 872 857 851 850 849 846 839 835 831 829 828 822 816 815 812 811 808 806 801 796 794 790 787 786 782 772 771 769 768 766 760 759 753 752 746 744 743 740 736 734 726 723 722 718 717 715 714 711 710 707 699 698 695 694 686 683 680 676 675 670 665 664 662 659 654 646 645 637 633 630 629 622 616 614 611 610 604 592 588 586 585 576 574 572 569 556 554 553 551 550 548 546 538 537 536 529 525 524 520 516 514 513 505 503 488 487 486 482 475 472 469 467 465 464 458 450 445 442 440 439 438 437 418 414 407 406 402 398 390 388 387 386 374 363 356 344 342 340 336 333 329 327 322 309 308 304 303 298 294 292 291 287 286 282 280 279 276 268 263 250 246 244 243 235 232 231 230 227 223 213 212 208 205 202 201 198 178 177 176 175 174 173 172 171 170 169 168 151 150 149 148 147 146 145 133 132 131 115 114 113 112 111 110 109 108 107 106 105 104 103 102 88 87 86 59 57 56 55 54 53 52 39 38 29 28 27 26 25 24 16 15 14 13 7 6 5 4 3 2
>  171 559 537 492 299 205 133 132 131 130 129 128 26 25 24
>  172 1219 1217 1215 1214 1210 1209 1205 1204 1203 1198 1194 1193 1188 1181 1180 1177 1176 1175 1174 1172 1169 1165 1164 1161 1160 1159 1157 1151 1148 1138 1137 1136 1126 1123 1116 1101 1098 1096 1091 1084 1074 1071 1070 1067 1059 1054 1035 1033 1031 1030 1022 1018 1013 1007 1006 1004 1002 1000 999 998 997 995 994 992 986 985 981 979 977 976 975 967 966 958 957 947 946 945 941 938 934 932 928 921 919 917 906 900 893 891 887 886 884 878 877 876 875 872 869 867 851 850 849 847 846 836 835 833 831 829 828 822 820 817 815 812 811 809 808 801 796 794 776 769 768 764 762 759 753 752 748 747 746 744 743 738 737 729 724 722 718 717 714 711 710 707 706 703 699 695 694 686 683 680 676 675 659 655 654 652 646 645 637 634 633 630 629 628 622 614 611 610 605 592 589 586 584 576 574 572 569 565 558 557 556 554 553 551 550 548 546 538 537 536 531 529 525 520 516 513 502 496 488 487 482 476 472 469 467 465 459 458 445 442 440 437 432 418 414 408 407 406 402 401 400 398 390 388 387 386 382 380 379 370 364 359 344 342 341 340 336 331 322 317 314 311 310 309 308 304 303 300 298 294 291 282 280 276 267 263 248 244 239 235 232 231 230 227 226 225 223 222 213 212 208 205 202 198 197 178 177 176 175 174 173 172 171 170 169 168 151 150 149 148 147 146 145 133 132 131 115 114 113 112 111 110 109 108 88 87 86 85 84 83 82 81 80 79 78 59 57 56 55 54 53 52 39 38 29 28 27 26 25 24 16 7 6 5 4 3 2 1
>  173 1005 758 739 691 658 636 611 563 555 544 520 491 485 369 358 321 295 247 210 198 164 163 162 161 160 159 88 87 86 44 43 42 7 6 5 4 3 2
>  174 1180 1164 1111 1110 1048 888 886 813 733 713 675 646 611 610 536 520 472 466 427 405 343 303 293 291 276 259 257 213 199 198 178 177 176 175 174 173 172 171 94 93 92 91 90 89 88 87 86 59 10 9 8 7 6 5 4 3 2
>  175 1111 405 343 199 94 93 92 91 90 89 10 9 8
>  176 1180 1164 886 675 649 646 611 610 536 520 472 303 291 276 254 213 209 198 178 177 176 175 174 173 172 171 158 157 156 155 154 153 152 88 87 86 59 41 40 7 6 5 4 3 2
>  177 1216 1205 1182 1164 1133 1123 1119 1073 1034 1010 985 976 961 936 927 921 910 903 896 865 848 826 811 808 800 717 714 692 685 659 654 648 643 624 614 590 587 576 575 572 566 556 554 553 550 545 536 515 490 472 437 418 406 398 368 367 350 348 345 336 305 294 290 280 258 235 234 231 230 213 212 208 203 178 177 176 175 174 173 172 171 170 169 168 167 151 150 149 148 147 146 145 123 122 121 120 119 118 117 116 59 57 56 55 54 53 52 39 38 17
>  178
>  179 1191 1176 1159 1156 1067 1018 1006 999 998 989 947 891 887 833 801 796 780 769 764 748 747 744 738 711 710 667 634 630 628 605 589 584 573 557 551 548 538 537 531 525 522 513 500 496 495 476 473 469 465 442 434 426 414 408 400 388 387 380 379 375 370 310 215 205 202 197 184 183 182 133 132 131 115 114 113 112 111 110 109 108 85 84 83 82 81 80 79 78 71 70 69 68 67 66 29 28 27 26 25 24 16 1
>  180 1214 1123 1002 985 976 961 906 835 828 811 746 714 654 614 611 592 576 572 550 520 516 487 467 458 440 437 418 386 336 305 298 280 263 230 212 208 198 170 169 168 167 151 150 149 148 147 146 145 88 87 86 56 55 54 53 52 39 38 7 6 5 4 3 2
>  181 1143 1096 1079 1009 999 980 960 948 931 924 922 894 785 754 744 731 712 710 699 697 693 689 683 653 641 638 632 625 623 615 611 600 581 570 561 552 548 538 535 532 523 520 460 444 442 435 430 424 414 399 393 371 349 326 313 289 283 282 274 218 214 204 202 198 181 180 179 127 126 125 115 114 113 112 111 110 109 108 88 87 86 65 64 63 62 61 60 23 22 21 20 19 18 16 7 6 5 4 3 2
>  182 1214 1209 1199 1194 1159 1153 1098 1089 1088 1074 1071 1070 1061 1060 1059 1056 1028 1018 994 993 992 987 984 981 929 915 900 891 889 857 828 817 816 801 764 748 724 723 715 707 703 695 686 664 645 639 634 622 616 611 605 604 592 589 584 577 565 558 557 537 531 525 524 520 516 514 496 488 486 476 461 450 447 445 438 408 401 387 382 379 363 359 347 344 331 310 304 298 292 287 286 279 268 263 255 251 250 248 243 232 227 208 205 201 198 197 151 150 149 148 147 146 145 133 132 131 107 106 105 104 103 102 88 87 86 85 84 83 82 81 80 79 78 39 38 29 28 27 26 25 24 15 14 13 7 6 5 4 3 2 1
>  183 1204 1203 1180 1174 1164 1096 999 975 886 846 744 722 710 699 683 675 646 611 610 569 548 538 536 520 472 442 414 407 342 308 303 291 282 276 244 213 202 198 178 177 176 175 174 173 172 171 115 114 113 112 111 110 109 108 88 87 86 59 16 7 6 5 4 3 2
>  184 1111 405 343 274 214 199 181 180 179 94 93 92 91 90 89 65 64 63 62 61 60 10 9 8
>  185 1207 1204 1203 1193 1191 1183 1182 1181 1180 1179 1178 1174 1166 1164 1156 1152 1142 1131 1129 1125 1119 1116 1114 1109 1107 1106 1105 1096 1093 1085 1076 1070 1069 1066 1062 1059 1055 1047 1044 1040 1020 1014 1012 1008 999 990 989 975 971 963 962 951 949 947 944 937 935 934 930 918 911 905 901 899 896 895 893 886 883 881 873 868 865 863 862 855 846 842 841 837 834 832 831 829 827 824 815 796 792 784 781 780 777 773 769 763 753 744 743 742 727 725 722 720 719 716 711 710 707 699 696 695 694 692 690 685 683 681 680 675 674 669 667 657 656 646 631 630 626 624 621 619 613 612 611 610 606 603 593 583 582 575 573 569 564 560 551 549 548 547 540 538 537 536 530 529 528 525 522 521 520 519 517 515 513 510 509 506 504 501 500 498 495 492 490 489 473 472 470 469 465 457 455 451 448 443 442 441 434 429 426 420 419 417 414 413 409 407 404 403 402 394 391 390 389 387 385 377 376 375 372 367 348 345 344 342 335 332 330 318 316 308 303 301 297 296 291 290 288 282 278 276 273 272 270 269 262 258 256 249 244 242 238 236 234 233 229 227 224 217 215 213 206 205 203 202 198 196 195 194 193 192 191 190 189 184 183 182 178 177 176 175 174 173 172 171 137 136 135 134 133 132 131 130 123 122 121 120 119 118 117 116 115 114 113 112 111 110 109 108 88 87 86 77 71 70 69 68 67 66 59 35 34 33 32 31 28 27 26 25 24 17 16 7 6 5 4 3 2
>  186 1111 1096 999 888 744 733 713 710 699 683 611 548 543 541 538 520 442 427 423 414 405 395 343 293 282 202 199 198 115 114 113 112 111 110 109 108 94 93 92 91 90 89 88 87 86 16 10 9 8 7 6 5 4 3 2
>  187 1159 1074 1071 1070 1059 1018 891 801 764 748 724 707 703 695 634 622 611 605 589 584 565 557 537 531 525 520 496 476 408 401 387 382 379 344 310 227 205 198 197 133 132 131 88 87 86 85 84 83 82 81 80 79 78 29 28 27 26 25 24 7 6 5 4 3 2 1
>  188 1166 1152 1114 1069 1051 1012 1008 956 930 761 681 613 583 567 537 525 506 492 480 420 415 403 394 387 377 355 325 316 306 269 260 233 217 207 205 196 195 194 193 192 191 190 189 144 143 142 141 140 139 138 133 132 131 130 77 37 36 28 27 26 25 24
>  189 1005 758 739 691 658 636 611 563 555 544 520 491 485 369 358 321 295 247 210 198 164 163 162 161 160 159 88 87 86 44 43 42 7 6 5 4 3 2
>  190 1176 1159 1151 1096 1074 1071 1070 1067 1059 1022 1018 1006 999 998 957 947 919 891 887 833 831 801 796 769 764 748 747 744 738 724 711 710 707 703 699 695 683 634 630 628 622 611 605 589 584 565 557 551 548 538 537 531 525 520 513 496 476 469 465 442 414 408 401 400 388 387 382 380 379 370 344 310 282 227 205 202 198 197 133 132 131 115 114 113 112 111 110 109 108 88 87 86 85 84 83 82 81 80 79 78 29 28 27 26 25 24 16 7 6 5 4 3 2 1
>  191 1186 1184 1155 1111 1105 1066 1058 999 970 947 880 814 805 796 769 744 730 711 710 672 661 647 644 630 607 597 551 548 543 541 538 537 525 513 492 469 465 442 423 414 410 405 395 387 343 237 205 202 199 133 132 131 130 115 114 113 112 111 110 109 108 94 93 92 91 90 89 28 27 26 25 24 16 10 9 8
>  192 1096 999 744 710 699 683 611 548 538 520 442 414 282 202 198 115 114 113 112 111 110 109 108 88 87 86 16 7 6 5 4 3 2
>  193 1180 1164 1143 1016 926 886 859 810 791 689 675 646 611 610 600 578 552 536 532 520 472 452 353 349 323 313 303 291 276 274 228 220 214 213 198 181 180 179 178 177 176 175 174 173 172 171 88 87 86 65 64 63 62 61 60 59 7 6 5 4 3 2
>  194 1111 888 733 713 611 520 427 405 343 293 199 198 94 93 92 91 90 89 88 87 86 10 9 8 7 6 5 4 3 2
>  195 1214 1205 1180 1164 1137 1123 1002 985 976 945 941 921 917 906 886 835 828 811 808 759 746 717 714 675 659 654 646 614 611 610 592 576 572 556 554 553 550 546 536 520 516 487 472 467 458 440 437 418 406 398 386 336 303 298 294 291 280 276 263 235 231 230 213 212 208 198 178 177 176 175 174 173 172 171 170 169 168 151 150 149 148 147 146 145 88 87 86 59 57 56 55 54 53 52 39 38 7 6 5 4 3 2
>  196 1111 405 343 199 94 93 92 91 90 89 10 9 8
>  197 1204 1203 1193 1191 1183 1182 1181 1179 1164 1156 1129 1125 1119 1116 1107 1105 1093 1076 1066 1062 1051 1047 999 989 971 956 951 949 947 937 935 905 901 899 896 895 893 881 873 868 865 862 855 846 842 832 829 824 815 796 781 780 773 769 763 761 753 744 743 727 711 710 694 692 685 680 669 667 660 631 630 624 599 593 575 573 569 567 551 548 538 537 536 530 529 528 525 522 519 515 513 500 495 492 490 489 480 474 473 472 469 465 451 449 442 434 426 419 415 414 409 407 404 402 391 390 387 385 375 367 355 348 345 342 325 308 306 297 290 288 278 272 260 258 244 236 234 215 213 207 205 203 202 184 183 182 178 177 176 175 174 173 172 171 144 143 142 141 140 139 138 133 132 131 130 123 122 121 120 119 118 117 116 115 114 113 112 111 110 109 108 71 70 69 68 67 66 59 37 36 28 27 26 25 24 17 16
>  198 801 537 525 387 241 205 133 132 30 29 28 27 26 25 24
>  199 1173 1143 1051 1041 959 761 689 679 677 611 600 562 552 539 532 520 508 481 462 454 428 425 415 355 351 349 325 313 274 264 214 207 198 181 180 179 144 143 142 141 140 139 138 88 87 86 65 64 63 62 61 60 37 36 7 6 5 4 3 2
>  200 1173 1163 1097 1096 1051 999 982 959 854 761 744 710 708 699 683 679 677 660 611 601 599 579 548 538 533 520 518 508 474 449 442 428 416 415 414 381 355 351 325 282 271 265 264 240 207 202 200 198 144 143 142 141 140 139 138 115 114 113 112 111 110 109 108 101 100 99 98 97 96 95 88 87 86 37 36 16 12 11 7 6 5 4 3 2
>  201 1219 1217 1215 1214 1210 1209 1205 1204 1203 1198 1194 1193 1188 1181 1180 1177 1176 1175 1174 1172 1169 1165 1164 1161 1160 1159 1157 1151 1148 1138 1137 1136 1126 1123 1116 1101 1098 1096 1091 1084 1074 1071 1070 1067 1059 1054 1035 1033 1031 1030 1022 1018 1013 1007 1006 1004 1002 1000 999 998 997 995 994 992 986 985 981 979 977 976 975 967 966 958 957 947 946 945 941 938 934 932 928 921 919 917 906 900 893 891 887 886 884 878 877 876 875 872 869 867 851 850 849 847 846 836 835 833 831 829 828 822 820 817 815 812 811 809 808 801 796 794 776 769 768 764 762 759 753 752 748 747 746 744 743 738 737 729 724 722 718 717 714 711 710 707 706 703 699 695 694 686 683 680 676 675 659 655 654 652 646 645 637 634 633 630 629 628 622 614 611 610 605 592 589 586 584 576 574 572 569 565 558 557 556 554 553 551 550 548 546 538 537 536 531 529 525 520 516 513 502 496 488 487 482 476 472 469 467 465 459 458 445 442 440 437 432 418 414 408 407 406 402 401 400 398 390 388 387 386 382 380 379 370 364 359 344 342 341 340 336 331 322 317 314 311 310 309 308 304 303 300 298 294 291 282 280 276 267 263 248 244 239 235 232 231 230 227 226 225 223 222 213 212 208 205 202 198 197 178 177 176 175 174 173 172 171 170 169 168 151 150 149 148 147 146 145 133 132 131 115 114 113 112 111 110 109 108 88 87 86 85 84 83 82 81 80 79 78 59 57 56 55 54 53 52 39 38 29 28 27 26 25 24 16 7 6 5 4 3 2 1
>  202 1176 1151 1135 1113 1096 1079 1074 1071 1067 1022 1009 1006 999 980 957 931 924 922 919 891 853 833 757 754 747 744 724 712 710 703 702 701 699 697 693 683 653 638 628 623 615 611 584 565 557 548 538 523 520 460 444 442 435 414 401 400 399 382 380 379 371 370 360 337 289 282 204 202 198 197 127 126 125 115 114 113 112 111 110 109 108 88 87 86 85 84 83 82 81 80 79 78 23 22 21 20 19 18 16 7 6 5 4 3 2 1
>  203 712 693 611 523 520 371 204 198 127 126 125 88 87 86 23 22 21 20 19 18 7 6 5 4 3 2
>  204 1214 1123 1002 985 976 906 835 828 811 746 714 654 614 611 592 576 572 550 546 520 516 487 467 458 440 437 418 386 336 298 280 263 230 212 208 198 170 169 168 151 150 149 148 147 146 145 88 87 86 57 56 55 54 53 52 39 38 7 6 5 4 3 2
>  205 1218 1213 1205 1204 1203 1193 1191 1181 1179 1177 1171 1164 1162 1156 1149 1136 1130 1129 1118 1116 1115 1105 1087 1077 1066 1054 1051 1042 1030 1011 999 989 977 973 971 966 956 955 953 950 947 935 921 915 893 881 877 873 857 851 850 846 842 832 829 815 806 796 794 790 787 780 774 772 771 769 766 761 753 744 743 736 734 718 717 711 710 698 694 680 676 670 667 665 662 660 654 637 630 629 617 604 599 588 585 576 573 569 567 554 553 551 548 538 537 536 530 529 525 522 513 505 503 500 495 492 482 480 475 474 473 472 469 465 464 449 442 439 438 437 434 426 415 414 407 406 402 390 387 375 374 356 355 342 340 336 333 329 327 325 322 309 308 306 297 294 292 286 278 272 260 246 244 243 230 215 213 212 207 205 202 201 184 183 182 178 177 176 175 174 173 172 171 170 169 168 144 143 142 141 140 139 138 133 132 131 130 115 114 113 112 111 110 109 108 107 106 105 104 103 102 71 70 69 68 67 66 59 57 56 55 54 53 52 37 36 28 27 26 25 24 16 15 14 13
>  206 1219 1217 1215 1214 1210 1209 1205 1204 1203 1198 1194 1193 1188 1181 1180 1177 1176 1175 1174 1172 1169 1165 1164 1161 1160 1159 1157 1151 1148 1138 1137 1136 1126 1123 1116 1101 1098 1096 1091 1084 1074 1071 1070 1067 1059 1054 1035 1033 1031 1030 1022 1018 1013 1007 1006 1004 1002 1000 999 998 997 995 994 992 986 985 981 979 977 976 975 967 966 958 957 947 946 945 941 938 934 932 928 921 919 917 906 900 893 891 887 886 884 878 877 876 875 872 869 867 851 850 849 847 846 836 835 833 831 829 828 822 820 817 815 812 811 809 808 801 796 794 776 769 768 764 762 759 753 752 748 747 746 744 743 738 737 729 724 722 718 717 714 711 710 707 706 703 699 695 694 686 683 680 676 675 659 655 654 652 646 645 637 634 633 630 629 628 622 614 611 610 605 592 589 586 584 576 574 572 569 565 558 557 556 554 553 551 550 548 546 538 537 536 531 529 525 520 516 513 502 496 488 487 482 476 472 469 467 465 459 458 445 442 440 437 432 418 414 408 407 406 402 401 400 398 390 388 387 386 382 380 379 370 364 359 344 342 341 340 336 331 322 317 314 311 310 309 308 304 303 300 298 294 291 282 280 276 267 263 248 244 239 235 232 231 230 227 226 225 223 222 213 212 208 205 202 198 197 178 177 176 175 174 173 172 171 170 169 168 151 150 149 148 147 146 145 133 132 131 115 114 113 112 111 110 109 108 88 87 86 85 84 83 82 81 80 79 78 59 57 56 55 54 53 52 39 38 29 28 27 26 25 24 16 7 6 5 4 3 2 1
>  207 1216 1119 1073 826 800 654 643 624 590 576 575 437 368 367 350 336 290 230 212 203 170 169 168 123 122 121 120 119 118 117 116 57 56 55 54 53 52 17
>  208 1204 1203 1193 1191 1181 1180 1179 1174 1173 1164 1156 1129 1116 1105 1096 1070 1066 1063 1059 1051 999 989 988 975 971 959 956 947 935 934 893 886 881 873 846 842 832 831 829 815 796 780 769 767 761 753 744 743 722 711 710 707 699 695 694 683 680 679 677 675 667 660 657 646 630 611 610 599 573 569 567 551 549 548 540 538 537 536 530 529 525 522 520 517 513 508 500 495 492 480 474 473 472 469 465 449 442 434 428 426 415 414 407 402 390 387 375 355 351 344 342 335 325 308 306 303 297 291 282 278 276 272 264 260 244 238 227 215 213 207 205 202 198 184 183 182 178 177 176 175 174 173 172 171 144 143 142 141 140 139 138 133 132 131 130 115 114 113 112 111 110 109 108 88 87 86 71 70 69 68 67 66 59 37 36 28 27 26 25 24 16 7 6 5 4 3 2
>  209 667 657 611 549 540 520 517 426 335 238 215 198 184 183 182 88 87 86 71 70 69 68 67 66 7 6 5 4 3 2
>  210 1164 791 578 536 472 452 353 323 274 228 220 214 213 181 180 179 178 177 176 175 174 173 172 171 65 64 63 62 61 60 59
>  211 1119 784 624 611 575 520 443 429 367 290 203 198 123 122 121 120 119 118 117 116 88 87 86 17 7 6 5 4 3 2
>  212 1207 1204 1203 1193 1191 1181 1179 1164 1156 1131 1129 1116 1109 1106 1055 1044 1040 1020 999 990 989 963 947 935 928 918 911 893 873 846 842 837 834 832 829 827 815 801 796 792 780 769 753 744 743 725 720 719 716 711 710 696 694 690 680 674 667 656 630 626 582 573 569 560 551 548 547 538 537 536 529 525 522 521 513 509 501 500 498 495 473 472 470 469 465 457 448 442 434 426 417 414 407 402 390 388 387 376 375 372 342 318 308 301 278 272 262 256 249 244 229 224 215 213 206 205 202 184 183 182 178 177 176 175 174 173 172 171 137 136 135 134 133 132 131 115 114 113 112 111 110 109 108 71 70 69 68 67 66 59 35 34 33 32 31 29 28 27 26 25 24 16
>  213 1218 1217 1213 1210 1209 1205 1204 1203 1193 1190 1181 1177 1171 1164 1162 1149 1139 1138 1136 1130 1123 1118 1116 1115 1105 1098 1088 1087 1077 1066 1061 1054 1052 1042 1033 1031 1030 1011 999 995 986 985 979 977 976 973 966 958 955 953 950 947 946 928 923 921 915 912 893 881 877 857 851 850 849 846 829 822 816 815 812 811 808 806 801 796 794 790 787 786 782 774 772 771 769 766 760 753 752 744 743 736 734 718 717 714 711 710 698 694 686 680 676 670 665 662 659 654 645 637 633 630 629 617 616 614 604 588 586 585 576 574 572 569 556 554 553 551 550 548 538 537 536 530 529 525 524 513 505 503 492 488 486 482 475 472 469 465 464 450 445 442 439 438 437 418 414 407 406 402 398 390 388 387 374 356 342 340 336 333 329 327 322 309 308 304 294 292 286 280 279 268 250 246 244 243 235 232 231 230 223 213 212 208 205 202 201 178 177 176 175 174 173 172 171 170 169 168 151 150 149 148 147 146 145 133 132 131 130 115 114 113 112 111 110 109 108 107 106 105 104 103 102 59 57 56 55 54 53 52 39 38 29 28 27 26 25 24 16 15 14 13
>  214 801 537 525 387 205 133 132 131 29 28 27 26 25 24
>  215 1105 1066 999 947 925 796 769 744 711 710 630 594 559 551 548 538 537 525 513 492 469 465 442 414 387 299 205 202 133 132 131 130 129 128 115 114 113 112 111 110 109 108 28 27 26 25 24 16
>  216 1096 1005 999 758 744 739 710 699 691 683 658 636 611 563 555 548 544 538 520 491 485 442 414 369 358 321 295 282 247 210 202 198 164 163 162 161 160 159 115 114 113 112 111 110 109 108 88 87 86 44 43 42 16 7 6 5 4 3 2
>  217 1180 1164 1111 1110 1048 888 886 813 733 713 675 646 611 610 536 520 472 466 427 405 343 303 293 291 276 259 257 213 199 198 178 177 176 175 174 173 172 171 94 93 92 91 90 89 88 87 86 59 10 9 8 7 6 5 4 3 2
>  218 1195 1173 1167 1119 1111 1094 1092 1090 1086 1074 1072 1071 1068 1051 1045 1036 959 891 888 784 761 741 733 724 713 703 679 677 635 624 611 584 575 571 565 557 520 512 508 471 468 443 429 428 427 415 405 401 397 382 379 367 355 351 343 325 319 302 293 290 264 207 203 199 198 197 144 143 142 141 140 139 138 123 122 121 120 119 118 117 116 94 93 92 91 90 89 88 87 86 85 84 83 82 81 80 79 78 37 36 17 10 9 8 7 6 5 4 3 2 1
>  219 1219 1180 1164 1157 1074 1071 1004 997 891 886 875 836 809 776 762 737 724 703 675 646 611 610 584 565 557 536 520 472 459 401 382 379 314 311 303 300 291 276 267 226 225 222 213 198 197 178 177 176 175 174 173 172 171 88 87 86 85 84 83 82 81 80 79 78 59 7 6 5 4 3 2 1
>  220 1146 1032 964 882 728 705 682 678 611 596 520 511 497 383 324 281 219 216 198 188 187 186 185 88 87 86 76 75 74 73 72 7 6 5 4 3 2
>  221 1051 801 761 567 537 525 480 415 387 355 325 306 260 207 205 144 143 142 141 140 139 138 133 132 131 37 36 29 28 27 26 25 24
>  222 611 520 198 88 87 86 7 6 5 4 3 2
>  223 1005 758 739 691 658 636 611 563 555 544 520 491 485 369 358 321 295 247 210 198 164 163 162 161 160 159 88 87 86 44 43 42 7 6 5 4 3 2
>  224 1136 1054 1033 1030 999 966 947 877 850 801 796 769 744 718 711 710 676 654 637 630 629 576 551 548 538 537 525 513 482 469 465 442 437 414 388 387 340 336 322 309 230 212 205 202 170 169 168 133 132 131 115 114 113 112 111 110 109 108 57 56 55 54 53 52 29 28 27 26 25 24 16
>  225 1196 1191 1176 1159 1156 1112 1105 1067 1066 1053 1018 1006 999 998 989 971 947 925 891 887 861 833 801 796 780 775 769 764 748 747 744 738 711 710 667 634 630 628 605 594 589 584 573 559 557 551 548 538 537 531 525 522 513 500 496 495 492 478 476 473 469 465 442 434 426 414 408 400 388 387 380 379 375 370 328 310 299 297 275 215 205 202 197 184 183 182 133 132 131 130 129 128 115 114 113 112 111 110 109 108 85 84 83 82 81 80 79 78 71 70 69 68 67 66 29 28 27 26 25 24 16 1
>  226 1166 1152 1114 1069 1012 1008 930 801 681 613 583 537 525 506 492 420 403 394 387 377 316 269 233 217 205 196 195 194 193 192 191 190 189 133 132 131 130 77 29 28 27 26 25 24
>  227 611 520 198 88 87 86 7 6 5 4 3 2
>  228 1119 784 624 611 575 520 443 429 367 290 203 198 123 122 121 120 119 118 117 116 88 87 86 17 7 6 5 4 3 2
>  229 1111 854 405 381 343 271 240 208 200 199 151 150 149 148 147 146 145 101 100 99 98 97 96 95 94 93 92 91 90 89 39 38 12 11 10 9 8
>  230 1119 965 879 818 649 624 620 575 479 456 367 366 312 290 274 254 214 209 203 181 180 179 158 157 156 155 154 153 152 123 122 121 120 119 118 117 116 65 64 63 62 61 60 41 40 17
>  231 654 576 437 336 230 212 170 169 168 57 56 55 54 53 52
>  232 523 498 376 256 206 204 137 136 135 134 127 126 125 35 34 33 32 31 23 22 21 20 19 18
>  233 1074 1071 891 724 703 611 584 565 557 520 401 382 379 198 197 88 87 86 85 84 83 82 81 80 79 78 7 6 5 4 3 2 1
>  234 1195 1159 1158 1132 1125 1119 1094 1092 1090 1086 1072 1068 1050 1045 1036 1018 954 901 891 801 781 773 764 748 669 635 634 631 624 605 589 584 575 571 557 537 531 528 525 519 512 496 476 471 468 408 397 387 379 367 319 310 302 290 288 236 205 203 197 133 132 131 123 122 121 120 119 118 117 116 85 84 83 82 81 80 79 78 29 28 27 26 25 24 17 1
>  235 1218 1217 1215 1214 1213 1210 1209 1208 1205 1204 1203 1193 1190 1181 1180 1177 1174 1171 1169 1164 1162 1149 1139 1138 1137 1136 1130 1128 1123 1121 1118 1116 1115 1108 1098 1096 1089 1088 1087 1084 1077 1070 1061 1059 1056 1054 1052 1049 1042 1039 1033 1031 1030 1028 1011 1002 1000 999 995 993 992 987 986 985 981 979 977 976 975 973 966 958 955 953 950 947 946 945 941 934 929 928 923 921 917 915 912 906 893 886 877 874 872 857 851 850 849 846 839 835 831 829 828 822 816 815 812 811 808 806 801 796 794 790 787 786 782 772 771 769 768 766 760 759 753 752 746 744 743 740 736 734 726 723 722 718 717 715 714 711 710 707 699 698 695 694 686 683 680 676 675 670 665 664 662 659 654 646 645 637 633 630 629 622 616 614 611 610 604 592 588 586 585 576 574 572 569 556 554 553 551 550 548 546 538 537 536 529 525 524 520 516 514 513 505 503 488 487 486 482 475 472 469 467 465 464 458 450 445 442 440 439 438 437 418 414 407 406 402 398 390 388 387 386 374 363 356 344 342 340 336 333 329 327 322 309 308 304 303 298 294 292 291 287 286 282 280 279 276 268 263 250 246 244 243 235 232 231 230 227 223 213 212 208 205 202 201 198 178 177 176 175 174 173 172 171 170 169 168 151 150 149 148 147 146 145 133 132 131 115 114 113 112 111 110 109 108 107 106 105 104 103 102 88 87 86 59 57 56 55 54 53 52 39 38 29 28 27 26 25 24 16 15 14 13 7 6 5 4 3 2
>  236 1219 1193 1181 1180 1175 1164 1159 1157 1116 1074 1071 1070 1059 1018 1004 997 934 893 891 886 875 869 836 815 809 801 776 764 762 748 743 737 724 707 703 695 694 680 675 646 634 622 611 610 605 589 584 565 557 537 536 531 529 525 520 496 476 472 459 408 402 401 390 387 382 379 344 314 311 310 303 300 291 276 267 227 226 225 222 213 205 198 197 178 177 176 175 174 173 172 171 133 132 131 88 87 86 85 84 83 82 81 80 79 78 59 29 28 27 26 25 24 7 6 5 4 3 2 1
>  237 1218 1217 1213 1210 1209 1205 1204 1203 1193 1190 1181 1177 1171 1164 1162 1149 1139 1138 1136 1130 1123 1118 1116 1115 1098 1088 1087 1077 1061 1054 1052 1042 1033 1031 1030 1011 999 995 986 985 979 977 976 973 966 958 955 953 950 947 946 928 923 921 915 912 893 877 857 851 850 849 846 829 822 816 815 812 811 808 806 801 796 794 790 787 786 782 772 771 769 766 760 753 752 744 743 736 734 718 717 714 711 710 698 694 686 680 676 670 665 662 659 654 645 637 633 630 629 616 614 604 588 586 585 576 574 572 569 556 554 553 551 550 548 538 537 536 529 525 524 513 505 503 488 486 482 475 472 469 465 464 450 445 442 439 438 437 418 414 407 406 402 398 390 388 387 374 356 342 340 336 333 329 327 322 309 308 304 294 292 286 280 279 268 250 246 244 243 235 232 231 230 223 213 212 208 205 202 201 178 177 176 175 174 173 172 171 170 169 168 151 150 149 148 147 146 145 133 132 131 115 114 113 112 111 110 109 108 107 106 105 104 103 102 59 57 56 55 54 53 52 39 38 29 28 27 26 25 24 16 15 14 13
>  238 1164 1129 1111 935 842 667 536 472 466 426 405 343 278 272 259 257 215 213 199 184 183 182 178 177 176 175 174 173 172 171 94 93 92 91 90 89 71 70 69 68 67 66 59 10 9 8
>  239 1150 1146 1140 1117 1108 1102 1096 1089 1080 1070 1059 1042 1032 1028 1023 1019 1003 999 987 964 947 929 915 913 882 870 860 857 845 843 840 839 831 801 796 787 772 771 769 745 744 740 734 728 715 711 710 707 705 699 695 683 682 678 670 666 665 664 630 622 611 604 596 580 568 551 548 538 537 525 524 520 514 513 511 497 494 475 469 465 463 442 439 438 414 388 387 383 363 346 344 329 327 324 320 292 287 286 282 281 268 246 243 227 219 216 205 202 201 198 188 187 186 185 133 132 131 115 114 113 112 111 110 109 108 107 106 105 104 103 102 88 87 86 76 75 74 73 72 29 28 27 26 25 24 16 15 14 13 7 6 5 4 3 2
>  240 611 520 198 88 87 86 7 6 5 4 3 2
>  241 1180 1164 886 675 646 611 610 536 520 472 303 291 276 213 198 178 177 176 175 174 173 172 171 88 87 86 59 7 6 5 4 3 2
>  242 1204 1203 1185 1180 1174 1164 1143 1096 1025 1016 999 975 960 948 926 920 916 894 886 859 846 810 791 785 749 744 731 722 710 699 689 683 675 646 641 632 625 611 610 600 581 578 570 569 561 552 548 538 536 535 532 520 472 452 442 430 424 414 407 393 353 352 349 342 326 323 313 308 303 291 283 282 276 274 244 228 220 218 214 213 202 198 181 180 179 178 177 176 175 174 173 172 171 115 114 113 112 111 110 109 108 88 87 86 65 64 63 62 61 60 59 16 7 6 5 4 3 2
>  243 1204 1203 1193 1181 1164 1118 1116 1042 1011 999 973 947 928 915 893 857 846 829 815 801 796 790 787 772 771 769 753 744 743 734 711 710 698 694 680 670 665 630 604 569 551 548 538 537 536 529 525 524 513 503 475 472 469 465 442 439 438 414 407 402 390 388 387 356 342 329 327 308 292 286 268 246 244 243 213 205 202 201 178 177 176 175 174 173 172 171 133 132 131 115 114 113 112 111 110 109 108 107 106 105 104 103 102 59 29 28 27 26 25 24 16 15 14 13
>  244 1216 1205 1190 1189 1182 1171 1164 1162 1133 1123 1119 1077 1073 1061 1034 1027 1010 985 976 961 955 936 927 921 910 907 903 896 865 864 848 844 826 811 808 806 800 798 786 766 717 714 698 692 685 668 662 659 654 648 643 624 616 614 590 588 587 585 576 575 572 566 556 554 553 550 545 536 515 505 503 490 486 477 472 464 450 437 418 406 398 396 384 374 368 367 357 356 350 348 345 336 333 305 294 290 280 279 258 250 235 234 231 230 213 212 208 203 201 178 177 176 175 174 173 172 171 170 169 168 167 151 150 149 148 147 146 145 123 122 121 120 119 118 117 116 107 106 105 104 103 102 59 57 56 55 54 53 52 39 38 17 15 14 13
>  245 1191 1156 1105 1066 1042 999 989 971 947 915 857 796 787 780 772 771 769 744 734 711 710 670 667 665 630 604 573 551 548 538 537 525 522 513 500 495 492 475 473 469 465 442 439 438 434 426 414 387 375 329 327 297 292 286 246 243 215 205 202 201 184 183 182 133 132 131 130 115 114 113 112 111 110 109 108 107 106 105 104 103 102 71 70 69 68 67 66 28 27 26 25 24 16 15 14 13
>  246 1159 1074 1071 1070 1059 1018 891 801 764 748 724 707 703 695 634 622 611 605 589 584 565 557 537 531 525 520 496 476 408 401 387 382 379 344 310 227 205 198 197 133 132 131 88 87 86 85 84 83 82 81 80 79 78 29 28 27 26 25 24 7 6 5 4 3 2 1
>  247 1205 1164 1123 985 976 961 921 811 808 717 714 659 654 614 576 572 556 554 553 550 536 472 437 418 406 398 336 305 294 280 235 231 230 213 212 208 178 177 176 175 174 173 172 171 170 169 168 167 151 150 149 148 147 146 145 59 57 56 55 54 53 52 39 38
>  248 1105 1066 1042 999 947 915 857 796 787 772 771 769 744 734 711 710 670 665 630 604 551 548 538 537 525 513 492 475 469 465 442 439 438 414 387 329 327 292 286 246 243 205 202 201 133 132 131 130 115 114 113 112 111 110 109 108 107 106 105 104 103 102 28 27 26 25 24 16 15 14 13
>  249 537 525 492 387 205 133 132 131 130 28 27 26 25 24
>  250 891 854 584 557 498 381 379 376 271 256 240 206 200 197 137 136 135 134 101 100 99 98 97 96 95 85 84 83 82 81 80 79 78 35 34 33 32 31 12 11 1
>  251 1119 1096 1062 1047 1005 999 949 895 784 758 744 739 710 699 691 683 658 636 624 611 593 575 563 555 548 544 538 520 491 489 485 443 442 429 419 414 369 367 358 321 295 290 282 247 210 203 202 198 164 163 162 161 160 159 123 122 121 120 119 118 117 116 115 114 113 112 111 110 109 108 88 87 86 44 43 42 17 16 7 6 5 4 3 2
>  252 1180 1164 1163 1097 982 886 854 708 675 646 611 610 601 579 536 533 520 518 472 416 381 303 291 276 271 265 240 213 200 198 178 177 176 175 174 173 172 171 101 100 99 98 97 96 95 88 87 86 59 12 11 7 6 5 4 3 2
>  253 1178 1125 1119 1059 944 901 784 781 707 695 669 631 624 611 575 559 537 528 520 519 492 443 429 367 344 299 290 288 236 205 203 198 133 132 131 130 129 128 123 122 121 120 119 118 117 116 88 87 86 26 25 24 17 7 6 5 4 3 2
>  254 1111 405 343 199 94 93 92 91 90 89 10 9 8
>  255 1096 999 744 710 699 683 611 548 538 520 442 414 282 202 198 115 114 113 112 111 110 109 108 88 87 86 16 7 6 5 4 3 2
>  256 1176 1151 1096 1074 1071 1067 1022 1006 1005 999 957 919 891 833 758 747 744 739 724 710 703 699 691 683 658 636 628 611 584 565 563 557 555 548 544 538 520 491 485 442 414 401 400 382 380 379 370 369 358 321 295 282 247 210 202 198 197 164 163 162 161 160 159 115 114 113 112 111 110 109 108 88 87 86 85 84 83 82 81 80 79 78 44 43 42 16 7 6 5 4 3 2 1
>  257 1214 1205 1180 1164 1137 1123 1002 985 976 945 941 921 917 906 886 835 828 811 808 759 746 717 714 675 659 654 646 614 611 610 592 576 572 556 554 553 550 546 536 520 516 487 472 467 458 440 437 418 406 398 386 336 303 298 294 291 280 276 263 235 231 230 213 212 208 198 178 177 176 175 174 173 172 171 170 169 168 151 150 149 148 147 146 145 88 87 86 59 57 56 55 54 53 52 39 38 7 6 5 4 3 2
>  258 1219 1218 1213 1208 1205 1204 1203 1199 1193 1188 1181 1180 1177 1176 1175 1174 1172 1171 1169 1164 1162 1161 1160 1159 1157 1153 1151 1150 1149 1148 1146 1140 1137 1136 1130 1128 1126 1121 1118 1117 1116 1115 1108 1105 1102 1096 1091 1089 1087 1084 1080 1077 1074 1071 1070 1067 1066 1060 1059 1054 1052 1049 1042 1039 1035 1033 1032 1030 1028 1023 1022 1019 1018 1011 1006 1004 1003 1000 999 998 997 987 984 977 975 973 966 964 957 955 953 952 950 947 943 941 940 938 934 932 929 928 921 919 915 914 913 897 893 891 889 887 886 884 882 881 878 877 875 874 872 870 869 867 861 860 858 857 851 850 846 845 843 840 839 836 833 831 829 823 815 809 806 801 796 794 790 787 776 775 774 772 771 770 769 768 766 764 762 759 753 748 747 746 745 744 743 740 738 737 736 734 728 726 724 722 718 717 715 711 710 707 706 705 703 699 698 695 694 683 682 680 678 676 675 670 666 665 664 662 655 654 652 646 639 637 634 630 629 628 622 617 611 610 605 604 596 589 588 585 584 580 577 576 569 568 565 557 554 553 551 548 546 538 537 536 531 530 529 525 524 520 514 513 511 505 503 502 497 496 494 492 487 482 478 476 475 472 469 467 465 464 463 461 459 458 447 442 440 439 438 437 432 414 408 407 406 402 401 400 390 388 387 386 383 382 380 379 374 370 364 363 356 347 346 344 342 341 340 336 333 329 327 324 322 320 317 314 311 310 309 308 303 300 294 292 291 287 286 282 281 276 275 268 267 255 251 246 244 243 239 230 227 226 225 222 219 216 213 212 205 202 201 198 197 188 187 186 185 178 177 176 175 174 173 172 171 170 169 168 133 132 131 130 115 114 113 112 111 110 109 108 107 106 105 104 103 102 88 87 86 85 84 83 82 81 80 79 78 76 75 74 73 72 59 57 56 55 54 53 52 29 28 27 26 25 24 16 15 14 13 7 6 5 4 3 2 1
>  259 1205 1171 1164 1162 1077 1027 955 921 806 798 766 717 698 668 662 654 588 585 576 554 553 536 505 503 472 464 437 406 396 374 356 336 333 294 230 213 212 201 178 177 176 175 174 173 172 171 170 169 168 167 107 106 105 104 103 102 59 57 56 55 54 53 52 15 14 13
>  260 1216 1205 1190 1189 1182 1171 1164 1162 1133 1123 1119 1077 1073 1061 1034 1027 1010 985 976 961 955 936 927 921 910 907 903 896 865 864 848 844 826 811 808 806 800 798 786 766 717 714 698 692 685 668 662 659 654 648 643 624 616 614 590 588 587 585 576 575 572 566 556 554 553 550 545 536 515 505 503 490 486 477 472 464 450 437 418 406 398 396 384 374 368 367 357 356 350 348 345 336 333 305 294 290 280 279 258 250 235 234 231 230 213 212 208 203 201 178 177 176 175 174 173 172 171 170 169 168 167 151 150 149 148 147 146 145 123 122 121 120 119 118 117 116 107 106 105 104 103 102 59 57 56 55 54 53 52 39 38 17 15 14 13
>  261 1051 761 523 415 355 325 253 207 204 144 143 142 141 140 139 138 127 126 125 124 37 36 22 21 20 19 18
>  262 1180 1164 1163 1097 982 886 854 708 675 646 611 610 601 579 536 533 520 518 472 416 381 303 291 276 271 265 240 213 200 198 178 177 176 175 174 173 172 171 101 100 99 98 97 96 95 88 87 86 59 12 11 7 6 5 4 3 2
>  263 1119 1111 624 575 405 367 343 290 203 199 123 122 121 120 119 118 117 116 94 93 92 91 90 89 17 10 9 8
>  264 537 525 492 387 205 133 132 131 130 28 27 26 25 24
>  265 915 857 604 537 525 492 438 387 292 286 243 205 201 133 132 131 130 107 106 105 104 103 102 28 27 26 25 24 15 14 13
