758
1215
1138
369
1140
1174
845
218
276
499
1036
1102
737
680
703
914
412
1087
954
78
750
748
460
377
509
472
164
667
1113
273
169
124
334
102
372
708
1004
602
285
44
802
674
1210
363
1191
37
1175
30
1072
195
867
69
324
635
917
893
692
476
654
2
101
685
772
28
447
902
695
309
1063
210
561
1089
231
265
774
204
176
803
392
229
636
1121
899
593
1132
1067
615
361
1133
791
52
19
405
871
916
546
1097
14
595
348
661
860
915
942
855
523
611
482
329
407
360
1202
718
756
500
675
314
64
270
380
242
801
440
826
335
141
698
527
582
606
516
835
1058
797
1081
27
54
1188
304
722
414
668
811
435
850
156
1108
1019
929
851
986
1099
226
267
955
1160
507
36
846
1152
358
697
940
631
337
140
894
601
191
1073
264
1124
94
836
1198
211
55
552
279
974
105
117
234
497
18
394
628
1104
1101
623
303
13
1185
342
1116
827
326
104
170
829
770
630
975
983
510
263
121
1049
160
568
413
751
187
378
759
310
512
70
1014
85
114
119
699
563
307
1195
1194
153
1033
591
1211
1086
135
161
766
92
1011
1219
250
67
1143
351
1147
913
205
732
287
571
701
189
1167
775
1013
404
878
128
557
608
68
1093
76
473
657
978
248
29
906
605
475
1026
382
1130
724
132
806
861
224
1125
934
122
837
91
112
1003
306
244
1046
7
275
858
511
1039
90
464
398
439
1172
462
253
1119
987
73
790
492
415
540
795
881
389
42
980
1120
213
454
193
1187
180
146
676
745
1017
1183
38
173
432
1076
227
1213
245
534
1084
1114
912
96
643
764
526
1031
284
727
1216
520
776
1006
280
345
1092
346
896
341
196
1022
908
734
681
935
1169
869
1075
108
235
485
689
1088
866
72
634
641
300
749
133
691
1055
957
182
365
134
647
965
962
580
186
581
590
217
723
783
842
831
1056
650
639
752
651
1154
649
1112
86
167
930
374
653
740
1158
294
311
111
673
1002
624
533
966
179
436
393
442
716
26
22
852
295
876
222
129
434
1161
158
973
1025
178
778
707
559
491
424
293
977
288
937
1193
823
247
865
383
648
704
1207
6
994
604
736
610
47
452
706
150
1082
1146
926
1166
620
350
260
297
1173
522
1118
1217
61
203
453
319
254
318
592
142
474
81
682
416
785
266
1110
719
53
576
739
553
825
586
923
428
856
1051
932
938
536
115
815
646
1053
16
794
471
239
728
427
487
1054
1170
655
948
330
384
1106
979
753
157
163
1069
233
123
813
87
12
1007
729
116
843
403
152
355
366
317
1096
757
822
477
184
584
40
168
490
484
1168
664
884
864
147
638
779
1127
928
450
120
888
57
972
565
43
252
834
80
151
805
272
71
959
1144
282
883
683
798
626
1047
489
323
1071
1062
838
721
302
188
519
221
408
600
919
839
671
17
696
362
63
336
880
953
760
502
1189
1038
738
710
550
596
425
895
62
1164
308
60
821
933
483
48
807
922
240
767
1196
385
174
515
665
551
457
1077
816
1009
1153
885
209
411
75
1178
468
1123
1070
997
521
847
570
726
343
678
684
585
1150
599
984
97
1136
503
616
731
268
746
950
1098
445
354
208
1209
769
11
402
83
51
109
1020
496
39
853
401
1005
1218
1135
709
931
299
417
495
238
765
1180
328
1162
530
804
773
588
461
228
20
479
192
418
331
956
666
283
656
1131
1199
298
558
669
194
1030
920
713
172
538
320
466
679
771
3
789
1171
56
652
1107
197
613
882
787
819
820
712
541
1015
1208
618
517
505
943
694
742
892
715
909
910
924
357
976
95
985
998
597
35
995
256
1179
693
733
1059
1023
33
872
481
1037
763
1190
1095
1151
761
437
687
421
812
844
31
555
321
720
1165
277
25
66
508
659
525
1032
291
981
1181
154
353
887
1042
1079
333
1155
478
325
249
672
281
84
574
347
717
443
762
569
1018
32
241
399
390
879
1021
532
177
315
322
560
446
423
1128
251
259
82
1040
518
103
373
1029
587
644
1048
1176
711
171
768
370
625
41
833
1182
612
289
98
617
312
945
1145
344
854
1041
677
5
567
