1320
2916
3352
1422
877
1434
1892
1993
1969
1901
3140
3363
1988
1878
1218
3232
3517
1461
2306
2421
3260
1486
810
1007
647
3125
2689
2696
2199
3046
2712
2790
370
339
2706
607
1211
2116
3051
2207
1638
691
1177
725
1013
600
151
3421
3176
3184
875
344
1924
804
1803
1893
1257
3510
392
2479
1435
1420
1684
1937
2040
999
2906
150
2620
1611
3473
374
368
1716
985
2646
2072
886
93
2312
2497
3264
2780
3449
2806
2012
237
2656
1406
1861
96
56
2865
2536
1776
2952
3006
729
2762
1409
2270
2737
3251
2055
3434
2214
3329
1350
1524
2773
390
1966
719
1992
432
565
2283
3065
2523
707
1520
1183
1394
3077
3222
1198
277
1552
1361
2950
650
1421
2676
1256
2069
1618
635
1096
931
3059
2828
2658
1008
3547
2447
1556
1011
935
2576
1554
1494
1770
1012
862
955
881
1586
20
1033
1230
1443
1632
3141
75
358
2519
2854
2036
1348
2628
273
73
3437
190
1048
2992
574
3356
1835
1648
533
1599
645
3498
1796
809
1236
1114
1773
642
104
1371
3238
842
3253
865
3386
2287
3182
3556
2838
1338
3129
3151
643
1072
1810
540
1672
3291
1845
333
43
1234
1895
2941
124
2847
1021
2642
3404
1853
1429
319
1202
2361
2449
2162
2388
3468
970
2354
936
2978
988
2736
331
2276
2262
3461
2392
878
2942
1666
520
2251
1567
1184
686
106
632
3486
260
1165
3354
1299
364
18
387
1365
542
2092
1077
2938
2275
215
2018
312
2171
1582
619
30
803
2707
2587
898
377
787
1028
2006
3464
837
3044
728
3064
307
1653
2216
1651
819
2508
326
308
1263
1706
2837
3346
1756
3394
1505
3279
1866
2939
2249
3000
2481
3381
172
598
2402
2493
1686
311
391
1507
987
247
2468
1375
2741
15
3204
3408
2677
395
111
2593
1181
1545
784
414
1833
2465
1187
2686
2700
3124
2389
3400
2478
2106
1782
3484
1981
1360
1869
1225
1009
2758
1154
3402
498
285
1288
2443
3037
2220
1538
3203
2977
3522
2858
739
1241
3277
2822
2410
2702
3373
3516
2438
2202
2526
2745
2157
1708
477
3515
1795
1991
1877
236
3351
3209
2325
217
421
704
2085
599
1759
667
705
2987
1676
2764
3430
634
2529
1214
1380
1167
1130
2584
1382
3281
1934
3114
720
828
1908
2117
2445
2434
1868
281
3042
1442
1419
1328
1384
3150
561
1344
845
2175
3078
2743
2774
723
2805
847
1378
223
673
3071
1145
2019
2495
367
336
3424
870
3389
2474
419
2561
408
3287
620
2647
497
656
2763
1685
1786
2973
3324
1778
942
1245
139
2256
3377
59
3181
811
3456
694
434
996
2947
1342
2398
2601
1322
3436
1514
3300
1456
2695
3068
1818
431
1719
1015
2505
976
1750
3299
3237
1733
3062
1437
3495
1674
2833
2841
657
1662
928
2291
2542
1164
2605
1377
1417
746
2960
69
2655
869
1400
503
2521
181
1347
1925
3187
1480
1356
2204
2396
2219
321
1831
1270
2120
359
1906
609
101
102
2595
941
3499
1696
5
2430
3575
3289
1100
1129
157
1043
415
2634
2433
2573
3112
3063
2356
2355
3472
2606
3387
3314
1802
2912
491
3155
2313
3349
1655
684
2756
2229
2079
3419
3507
918
2456
764
3295
1661
1067
2983
363
2110
1723
1319
2558
3056
2565
464
659
316
984
379
3285
3147
2591
755
2674
3102
3562
1146
445
147
1280
41
3267
2462
3093
993
2419
3255
1754
1478
483
2230
964
2618
1447
2881
2498
1978
446
575
2994
1726
737
2768
1194
2058
1172
3342
2691
338
2360
625
2832
2995
1078
858
1408
2321
3316
2350
81
117
1111
1157
3460
1729
305
2566
820
2407
890
2328
1260
3185
864
1597
1668
1045
1329
2981
1010
902
3156
1327
3134
1227
857
2101
2395
231
1143
644
1737
3521
2379
3385
3248
1135
1073
1395
353
3537
1352
148
2376
2554
140
1036
2716
2068
350
1979
1627
357
579
661
138
2510
346
2895
3205
1652
2347
564
3438
2824
1171
1827
2366
304
1163
7
2458
3520
2908
3109
2567
1424
2484
2221
515
2537
2818
2119
1392
939
1843
2026
2345
2648
1414
915
3338
2298
1758
3374
2549
174
1005
745
3081
1391
156
1282
688
2948
1049
2448
300
1791
1407
32
3091
2640
3383
3026
3302
2650
693
698
3413
786
1306
848
403
1891
3099
2783
2869
2842
1973
1671
1570
1825
512
3225
1747
1703
896
1678
1826
2083
125
513
821
1849
770
1769
2541
1669
3401
3361
1731
1714
3167
2787
1740
1324
1101
2733
2500
2062
2223
1281
1220
2394
1621
917
1898
805
1485
2126
1151
3038
2359
98
3545
298
687
1565
420
3569
1943
2236
793
1097
2944
2482
2073
1940
954
1889
1481
1763
3382
2982
2882
487
397
97
3117
463
1829
1948
1085
3127
2835
1701
3369
3188
2875
1675
963
2172
3350
1700
3243
2021
1467
1354
528
2121
1616
2846
1912
1577
2860
2967
2701
2052
677
1066
1917
610
3271
2418
2310
189
1589
3323
216
1122
143
1206
2167
563
3445
2880
706
696
1961
1369
1472
2173
1751
1828
1711
1112
1330
1055
3298
2309
1537
1020
1848
1667
3483
482
3283
1506
2600
1401
2638
167
774
924
789
773
2464
3033
3031
2329
3496
1986
2766
1513
1058
740
2170
2426
461
2168
1987
19
3501
1272
3118
2255
2288
1446
840
142
1255
257
1088
2932
1760
3307
1642
299
2247
1663
3553
1841
1572
1922
973
2412
3208
1603
2391
3266
2459
3334
2446
895
2059
468
1200
233
3066
874
2807
3200
1303
3412
2176
2682
2966
1863
2883
2826
206
108
2002
195
418
983
3335
903
891
3161
2624
2383
775
494
2420
462
1383
2054
990
3333
1359
1222
2095
241
2699
3257
1562
1150
744
472
972
3485
1349
1191
2797
60
3423
1963
386
2417
3306
3552
1293
3217
3564
209
2044
2604
373
3049
2348
337
1746
3504
2461
710
1681
1309
3305
205
324
1273
2089
3493
3171
3076
1396
2191
1766
2010
1304
921
2878
2874
1583
531
1499
2210
2038
3479
290
2224
3029
272
1598
1046
265
115
3240
2532
2896
1875
2415
3375
1185
1555
2381
3039
1755
708
782
3572
1725
2164
2296
3186
340
1939
1947
2933
2198
2252
1093
1357
759
2821
2114
1793
3009
2679
586
171
975
3282
296
3190
1469
3422
3358
2765
3212
404
2988
427
3481
802
1620
332
1931
402
1914
1063
232
3535
2804
3297
2028
1076
107
751
883
2135
1720
1886
2657
971
2051
3220
980
2891
2254
91
2315
2597
262
1107
2623
400
2466
3567
1956
2487
288
83
3365
3192
2476
2349
1566
2853
3016
1358
1812
1219
2855
671
2843
1665
406
1730
1221
2057
1547
1628
3480
1147
2579
284
3054
1923
529
2748
2680
815
1680
1854
1596
2830
2016
1313
153
478
170
3322
3040
1450
396
1774
2501
2397
49
1109
2240
398
1355
372
365
3565
3392
1244
1780
1068
501
1881
3347
228
2598
3045
1512
2453
626
1487
1600
2582
2964
1473
947
2178
817
3555
2357
302
611
2945
295
1314
64
1014
2770
2316
417
2856
1128
3028
1635
2302
2013
785
1059
978
2637
2725
3070
110
334
1984
2643
927
630
3444
2403
3573
2892
749
3075
654
3144
2575
2972
3439
2740
2266
2211
2710
1070
1148
2609
2248
2203
3390
3246
2183
2386
1929
1317
2636
1404
322
2525
1252
3164
500
46
426
1452
2930
3085
1650
3540
2432
454
1213
1745
422
1594
1081
476
211
925
3086
726
177
2258
1967
3308
2864
3451
2659
1207
1798
1035
2769
2235
1179
219
1785
1229
3122
1385
2193
2671
1851
399
2761
3135
866
3043
754
1410
2364
188
2697
2265
2958
700
3270
1232
456
1896
3047
158
2305
1090
1115
923
329
2739
2612
1523
235
3312
3137
2473
2630
3079
66
3197
1092
1916
981
474
2970
741
2627
1390
3533
1003
1444
1727
1208
562
2115
3275
1471
1118
738
1287
1353
1074
2621
1103
772
1718
2404
1052
2568
1531
244
3242
360
2320
2538
51
1864
1640
1546
1903
1571
3087
502
87
1836
2331
3528
1639
3397
1757
614
2552
412
2775
1844
1295
278
1905
1884
517
2081
1569
3132
1808
1095
781
905
2608
946
3435
313
2189
155
2268
1121
1777
3341
2751
2274
2698
2046
2999
2
2228
722
2244
455
1231
3265
3393
1822
490
439
2753
2437
1698
576
1149
1108
2152
2259
467
962
652
3558
1533
3331
2153
2425
410
47
136
3440
227
3239
1998
3566
1679
2866
80
943
3395
3113
2615
376
44
2454
126
2681
594
2810
2324
1248
1842
109
801
1762
2559
2436
850
3482
2602
2206
3100
2071
3254
879
871
3058
648
2033
105
31
3048
3443
164
629
887
437
3364
3128
3263
2586
3467
2077
1705
112
2793
712
794
3013
2785
1859
294
225
914
3411
2142
3574
2539
42
469
3509
94
830
2406
2926
229
448
3457
1186
1274
3336
2557
2451
1351
2416
1610
1458
1982
2074
1971
186
1913
1489
2732
416
65
2014
2196
255
839
3376
1738
2297
1253
846
2953
1298
3529
982
2075
998
3359
1091
14
3304
2857
3293
1634
1376
1106
2990
1117
1268
2808
2253
2551
2556
766
253
666
1690
3160
3428
2226
1104
1974
2528
1069
1743
274
1226
2273
3345
676
1919
1018
1593
2592
447
1606
1337
159
3433
435
3278
342
1839
838
2187
267
1061
3353
697
716
937
621
2569
2205
3514
3226
1402
1536
3247
314
1789
3224
127
1815
510
1459
851
763
3409
1608
1084
2911
1051
2645
897
2678
2688
1687
592
137
423
3292
1850
1775
2949
1125
2330
1132
3231
1515
3452
3142
1331
221
13
2457
1721
1343
198
818
2962
479
1271
3010
900
1989
3447
1215
3036
771
1431
1683
909
3301
752
202
34
1595
173
702
2174
2812
1534
836
2338
2965
2635
546
601
2311
2669
3466
92
1970
1363
1936
1038
3170
2130
1310
3166
166
1297
3221
2280
1204
2905
2779
3072
1119
1261
433
518
3320
2781
1613
2489
930
320
2512
525
1855
17
341
796
2980
380
2061
1637
394
3380
286
2800
1246
3348
2003
2151
348
3286
2515
1897
3169
428
2971
89
960
2335
2260
1630
570
3399
269
1190
1779
2004
1468
154
1890
2872
735
1996
2976
649
2979
3177
2564
595
2562
2803
2222
608
3571
3576
675
1519
3083
1155
1223
3355
2868
3024
2232
2652
1994
1607
50
945
571
2513
2271
1189
1561
2233
2553
3453
2749
622
1544
2267
1946
1643
1326
703
950
3216
2782
590
2599
2755
1958
196
180
1858
3111
169
3027
2490
2502
1126
2876
2245
122
2047
2580
596
2292
3534
3052
384
2429
2721
1824
1488
3280
826
2611
3268
2653
2295
3096
822
2317
1031
3088
2829
3020
1024
1054
441
1503
2246
713
246
1374
183
1871
103
1772
832
616
145
636
3092
1210
1139
144
2651
2201
2411
3519
1264
516
1736
1699
1040
989
2654
1175
1748
1466
872
315
3196
1658
919
2227
2009
2784
1238
808
2667
279
2096
1646
1784
2238
606
1050
1386
1240
1799
615
2885
633
753
1579
2307
1373
2731
3015
1479
1216
2277
536
507
662
1764
3511
38
3398
442
3211
2299
3227
220
3311
3001
100
3332
132
1440
251
1176
2867
1873
1584
3252
1580
2469
1834
3004
1560
2718
263
1872
234
1887
2082
2713
16
2413
2336
1581
997
2108
1269
1423
3548
3568
1735
1813
646
1266
1153
1953
834
3577
1389
1123
2550
514
833
3388
3512
899
2861
1976
2715
27
1713
1224
86
2708
548
2365
637
486
3249
2303
2064
1332
1938
152
3162
449
3524
2030
968
882
2122
1362
534
2884
2607
3284
904
2922
3523
1526
114
2455
715
1495
71
2341
3183
3121
2001
1918
2066
3370
2840
3549
2039
1670
748
1697
665
291
2660
3303
303
1654
3462
859
2823
1999
2959
2760
3470
884
1476
473
201
3023
1168
2492
2401
2343
1166
3082
213
537
2997
2903
3396
1816
1278
3143
2844
627
1590
2400
1170
2340
3469
366
224
3315
1821
1161
672
3032
1017
1060
1006
1500
1000
2825
3261
2344
603
2925
489
2060
1490
1781
3233
1525
1949
191
438
1127
1907
2907
1876
2065
3339
3193
2377
2910
711
3360
1689
2496
2144
1980
3407
844
604
505
3180
2594
854
2796
2351
742
1294
1622
134
2375
2111
2217
618
3236
3018
2548
2727
1275
2534
628
22
949
2555
2577
1604
1277
10
310
1573
1612
2159
1576
1977
907
2301
524
2243
1412
1235
2984
3011
3158
2491
2286
3475
2165
3241
3318
2043
2603
1787
1518
3159
1368
495
1542
933
2503
3090
2127
1874
1193
2037
1105
2300
892
1463
1942
1765
1131
1968
1030
1739
1436
1205
1619
1004
623
2622
2730
3420
407
1950
2928
1930
3405
2234
1707
74
1664
1609
1041
2666
2378
1693
1201
1026
23
3115
1464
2670
3034
378
2850
3465
573
470
1102
3459
2993
85
335
1366
3487
351
2675
146
1744
343
481
1496
3406
1455
2788
2382
612
45
2750
901
2444
2578
2327
484
3214
779
1089
951
1453
1082
460
118
12
218
2898
3477
1688
2363
863
2179
361
885
2250
2989
2294
72
297
35
1921
275
1915
3073
2936
852
3210
3030
245
718
1742
714
2367
1568
682
3250
835
680
2190
1403
3455
3414
2923
3478
185
2918
2091
2098
1475
3432
8
40
624
2042
3416
3557
459
1508
193
855
325
2070
558
3505
743
492
2241
709
1691
2927
856
2934
3094
2090
1847
3559
2131
1044
1053
1539
994
1316
2499
2683
2588
761
3165
798
3149
2931
2776
2795
3191
1212
2045
3157
3317
1379
95
2619
239
1543
306
2986
3229
2188
631
1340
3126
1975
1416
3145
2527
3007
843
2693
3146
977
3198
1540
3442
922
776
1286
593
876
160
589
2507
2834
2747
1451
3328
3309
2900
1474
1649
451
2442
2272
965
301
767
3310
2011
178
2816
2031
3410
584
1809
582
1944
187
77
1753
1302
1578
2225
3230
2789
2138
135
1203
62
679
1626
2870
1806
2472
67
3179
352
261
2129
1062
2358
1879
699
2373
602
2237
3195
3550
690
405
3425
393
1553
577
2893
1904
2859
2149
1120
2722
1920
57
2799
3245
569
2672
3327
409
986
2304
617
3017
588
149
1242
2801
1926
2087
1541
717
2778
3168
2148
1318
2506
2156
