2056
2547
1386
1552
1051
3008
626
2261
2037
2699
1209
1315
2180
771
20
675
2824
696
1089
186
1984
3095
1904
3157
516
906
937
1630
2685
3278
126
1888
71
2455
1662
1841
274
2874
1750
2808
493
546
2134
51
3234
3327
1450
1146
2940
2602
800
2667
1769
1067
3134
110
363
2620
3092
3267
918
2308
181
2492
2866
1616
2865
2181
1994
1092
1078
1277
1389
735
416
304
2340
641
856
4
3066
2199
1286
2337
1255
2714
3346
1606
54
36
2237
2993
3318
1686
3513
2358
451
1131
1569
679
1044
2525
2182
1140
728
1632
3280
3219
1912
3415
3451
1874
715
3480
2515
2418
2151
569
2770
31
2087
1563
1197
2396
403
1544
2868
2205
485
1890
1402
3382
3497
3401
2542
2610
589
739
1440
1121
208
2177
946
2890
1118
1562
913
1782
1205
3215
1534
338
3204
1259
1206
745
781
479
284
1314
1698
2476
2419
3153
2420
1130
1578
2046
2284
3078
3389
1621
1373
1335
248
1934
2527
3152
2715
1732
1220
89
3370
633
2268
1449
2811
2709
1452
1475
245
1414
3383
2536
2304
3404
2992
1763
2068
3290
478
890
2521
1838
3460
1641
105
2161
2487
325
38
2021
2274
1319
1832
1436
1978
2573
2079
1887
2857
697
921
2324
1871
2303
3111
487
3525
9
1766
81
1446
396
1551
1239
3205
551
2914
1113
52
2436
597
2042
1091
127
399
2215
3449
2167
3240
1292
2541
2362
1825
3335
801
749
1604
1100
2640
1469
2091
3402
3476
1392
1269
87
3251
148
3223
3387
1892
154
3116
1291
273
8
1064
1819
1902
1535
2562
1958
1377
3016
494
61
3427
2598
2509
134
1172
495
2312
3421
3023
3045
2453
2717
2783
1497
719
3228
1556
3226
2422
1566
1710
1559
2897
1640
691
3125
2524
1163
1243
3114
2539
2583
166
1093
2904
1676
2965
3050
1724
2273
1387
785
1949
2391
3418
2098
1870
566
232
558
3520
1666
2475
1602
2645
3062
1672
331
237
3046
352
3484
527
813
1303
807
1612
3282
1935
1901
2792
690
531
2162
3029
2935
586
3035
3070
1080
3493
1755
2589
2102
732
990
2178
1427
2158
2820
747
2961
2265
2693
1774
754
1658
2760
1600
2758
3263
2695
1762
1482
3101
3462
1796
1071
359
602
2660
1839
3227
668
212
2605
3017
899
2779
3508
3131
3187
2617
2467
2057
2764
2170
2159
2067
2313
2649
895
1969
2887
2518
2355
2338
456
1926
3439
1851
1878
721
117
116
2430
3107
2316
3156
2670
1316
3488
1829
103
2781
418
1751
2772
1659
2192
94
2469
2127
681
1484
874
1788
313
2463
298
2516
1042
2678
514
216
1294
1993
911
1456
1703
319
3453
3398
400
3423
1013
3367
1127
1061
2399
64
1047
1593
862
1920
958
2807
540
402
1547
2424
3417
3393
1405
1582
786
350
3258
3386
3269
1927
1181
1463
2651
1231
2563
505
3369
955
3167
881
2835
3356
1350
3151
2631
2007
1689
226
1508
2497
794
734
1237
2883
541
112
1174
482
2026
1754
3285
1104
2125
3368
2735
3142
637
2417
3217
1336
3096
3304
2011
1379
3235
2143
3293
1272
3149
137
422
797
123
1624
2421
1928
623
243
2613
1457
3254
2990
2615
3145
2549
1355
258
837
114
3074
2650
2574
1170
3030
1199
3446
575
3332
425
2006
2439
2784
376
2791
2872
1473
3399
507
1383
926
3220
3338
1374
973
577
1455
3288
2553
2794
2544
2691
723
3072
2216
1989
1056
3305
993
2782
1911
354
2767
2702
960
206
2609
199
1970
1393
2267
3320
443
1731
2262
842
1529
1650
66
2797
1190
1148
2400
3093
2998
1965
2495
1960
2030
194
2047
1111
1150
2426
2271
1843
1758
673
1442
2445
365
3412
1946
286
244
3178
2952
1502
3109
3314
2853
189
2210
1332
3257
3261
270
877
138
1555
2131
3523
2704
2854
1282
1908
2441
2991
2315
80
2652
35
1834
821
2569
3362
1815
1268
689
265
2061
1145
2959
3038
1999
791
1434
599
122
830
2672
438
2474
340
1975
283
3328
3518
769
902
2327
104
1399
2898
3117
2888
486
1886
886
1613
2826
3422
504
1011
2957
3015
3307
202
1485
2123
249
1138
1748
1240
215
394
1398
3295
2190
100
353
2648
2720
2895
1945
2195
1049
3185
3292
276
1727
2848
1900
1881
3436
2503
2599
2789
2863
344
2231
213
1929
1382
1287
3514
395
1857
3313
406
3319
1094
1747
3372
582
653
2229
3103
1512
1464
1849
3049
251
2675
95
3065
1125
1007
210
465
1734
1300
174
1634
2757
3252
1213
172
3104
3339
965
2364
453
828
3504
817
1802
3195
3283
1321
1939
755
2836
2403
2172
2867
2122
1443
1767
1741
1847
311
699
2995
2662
200
2944
2245
2531
854
1740
2410
2752
581
2228
1943
2169
542
1692
262
1997
1670
2183
2748
1483
1152
532
3522
1548
2507
644
1790
1538
3296
119
2318
475
1776
1345
3241
2357
1202
1052
242
2891
305
2744
2384
2360
2054
742
2761
2689
230
3444
836
3225
2980
2363
2743
2922
2473
904
2488
446
2676
1057
321
431
1046
1553
1992
34
2461
444
62
2585
2713
3271
1045
600
1995
463
703
2876
84
618
59
1987
2347
3231
2254
358
3034
2405
878
706
3036
967
2926
2034
2579
925
2856
2193
2707
2618
234
1866
3428
1481
3511
2387
355
753
41
2886
812
47
92
1511
1877
1246
2900
657
2326
2044
3079
328
2100
1963
796
3308
419
1029
24
1584
1663
1338
1674
560
631
1460
1036
2369
2095
3183
368
1059
2844
2864
632
2823
827
2964
591
680
968
2910
2336
261
1737
852
2443
1280
442
1813
1160
2155
1420
1574
1968
1086
936
2917
945
1261
833
2718
2154
2065
3056
3011
3516
3316
372
1194
3416
536
1264
3468
90
227
1053
1066
748
564
1933
2877
2726
1691
1609
956
2881
1211
2504
2146
1488
3246
3517
3485
1991
3344
472
1416
377
1323
1804
953
477
725
1453
677
908
197
1719
1293
1306
2976
2526
1129
3463
1411
1403
3170
2258
1360
1225
256
3490
1971
3037
758
1330
2766
3440
1924
2806
2427
1537
2423
2344
1772
1723
927
1565
999
2777
2532
1390
855
923
722
671
2064
1850
1254
1685
2533
1136
2778
3502
3286
348
1022
397
65
2383
1711
1151
2243
1339
1359
2749
1950
291
407
3100
2816
2055
1905
3334
2002
2559
2275
2319
1580
1238
3018
865
1525
1467
2822
3413
2144
639
300
3359
3249
508
21
97
86
76
858
2038
717
1248
2311
266
2548
1132
1108
1595
847
163
115
2184
651
1539
2974
2925
175
3337
1583
3394
2493
795
3529
129
2545
1242
1745
3469
1800
1938
1513
2564
2956
1304
281
183
676
822
970
930
2307
2309
3171
1560
3494
3473
2276
1765
2730
383
1775
1725
1554
3375
3105
2682
2365
3410
625
1327
1040
3044
3247
2896
1192
102
2298
240
835
1157
27
3069
2070
3135
3163
3347
2846
3294
3154
436
3102
950
2706
2019
3209
1195
526
492
509
1515
643
1409
2354
2288
32
964
1126
603
2941
2543
3057
777
2604
711
357
3059
2962
1448
1012
3173
2428
2934
2248
665
2490
3077
125
784
2370
489
2075
1801
2683
2663
28
1531
659
72
1380
390
1695
1693
1165
710
2018
1925
2239
2160
724
68
334
636
2889
2270
2628
1652
1441
595
2306
3456
1856
2174
1173
1069
3342
557
2817
1348
1298
2937
2775
159
3291
2166
2208
2581
56
1803
2546
759
1147
2425
3443
3349
2379
518
3136
277
388
3166
2997
323
2353
1035
947
1697
907
1682
195
3279
2280
1696
1837
1516
440
3384
893
2471
2282
1863
984
2566
2747
2477
2558
3196
1038
501
3420
3025
1276
3232
2565
1842
3061
1326
2028
1675
3010
529
2323
1786
720
2349
552
3358
687
173
684
1576
2165
324
2819
2085
2390
1828
924
3181
563
974
1353
3406
1614
3266
381
1221
3454
2368
2584
3272
415
1188
2227
809
1501
99
2880
2988
2930
236
512
484
2402
3039
3467
1499
1981
1208
2242
574
50
1362
841
1180
2092
983
2656
3013
543
1545
2522
1278
1119
153
2971
1581
2680
3442
1176
409
1517
268
1964
1873
480
75
2828
2219
3459
2570
590
3150
39
3378
733
3331
3264
977
3206
263
737
776
1351
2642
2590
2020
288
1626
584
1721
2388
1930
1990
3164
2094
3002
517
3388
239
2556
3426
2630
3054
3075
2813
3472
476
1709
171
2530
1477
1168
23
1015
1000
2700
1162
992
2966
2921
1597
18
1798
880
1575
1347
1077
280
976
799
85
2919
2119
2986
3270
1024
2711
3158
1425
2701
1019
3
991
1533
831
136
2669
2882
2551
1936
2721
1643
2221
3447
2066
2080
2639
825
3155
570
53
656
2575
3124
3214
1623
2218
2554
1144
214
773
306
1637
502
2407
3445
1117
2378
1706
2759
351
170
2496
975
1503
2209
963
1020
3425
2103
3052
139
1142
3450
3276
3053
3024
534
1222
176
1413
2911
2638
2185
2681
933
2790
2725
1422
2665
2213
2644
2987
1435
165
870
1773
1764
3301
3287
190
1095
1648
63
583
3380
1954
2810
545
488
2249
254
547
1561
150
3350
2164
892
1018
3221
2850
2796
2076
1655
694
1203
1234
788
1942
713
2738
2093
638
1797
2899
162
447
2658
593
568
1204
3085
701
1076
2286
1407
1678
3479
815
2130
149
746
2454
2335
303
3441
2012
2263
3174
829
37
2152
223
1023
1178
1410
2104
124
140
1346
714
3470
1302
2297
3253
3128
118
2078
3487
1756
2621
3501
278
2578
782
14
1032
393
2376
2197
156
2108
3377
1439
2892
3198
1528
2799
1845
2878
2294
1894
2124
942
3457
1806
3309
1759
1986
1384
2818
2719
1006
3351
2040
538
2716
2560
2611
3323
2918
995
1438
554
437
3403
335
1322
1106
1288
2839
1932
3500
209
3147
1820
2211
3230
2187
2033
2489
592
3512
7
783
1720
2607
1229
2875
1155
1312
1328
2485
1412
2871
2511
1285
3084
401
789
1654
2004
844
1831
2913
931
573
2212
1153
3180
1996
1296
2224
1608
1826
1506
2084
448
2597
337
1079
1005
135
11
1244
698
2953
1812
1421
3121
2277
474
1948
2356
932
2494
1572
1105
2501
2203
580
293
1814
1317
1780
2333
2431
1262
1273
2201
3140
1592
1054
2283
556
2568
1361
2928
73
1876
2905
1982
2433
1783
322
3080
2653
15
1043
2906
1307
1607
3148
2207
1687
1372
2751
133
3466
1622
2923
1218
1708
1961
572
229
2538
944
2247
3211
3300
768
674
2302
1110
3161
2512
2641
934
180
1031
1083
1746
2955
1713
342
3373
712
1466
3082
2627
1223
3071
1540
848
868
2831
77
253
804
2234
2727
45
302
1957
1635
1258
1872
1768
3244
1340
951
850
515
3172
1962
1761
982
464
1166
467
204
2377
2728
839
810
1428
2624
2121
1385
347
2967
49
356
708
989
2523
1363
1388
3068
770
1586
559
2325
640
1133
1479
2858
667
634
2936
1275
3007
2814
1025
1736
2063
760
682
3315
2016
3129
1073
1370
1236
279
2448
869
762
346
1862
3471
2380
83
217
1233
3273
2595
3391
1337
1590
3340
78
470
661
2684
664
2299
645
1704
2039
503
287
840
2256
2951
1026
427
826
1487
2616
2404
2762
2343
2241
420
142
3277
1002
1230
658
2803
1823
3041
2058
3067
1700
1279
3336
1895
3004
3106
2954
1718
3141
1431
3012
98
2081
1795
910
766
2062
2024
2647
424
1679
2657
3262
1918
2947
876
1490
2350
2252
705
3122
1885
3348
764
2929
1417
2855
1956
1791
2331
1794
1668
1447
40
2654
2240
2480
423
803
1809
820
1749
1728
1951
539
1510
1437
2655
330
2845
1816
1505
2829
10
1187
3048
1391
1915
2406
1770
3089
2916
3242
1476
3353
29
1919
2009
3414
2460
2788
686
3009
1325
1536
627
917
152
1646
824
1161
374
2466
3058
612
2359
3365
700
3483
1605
2010
2785
521
1226
1671
1444
2225
1983
1265
1669
1474
1500
2314
1875
2963
1021
751
1164
2456
1212
891
1378
1375
511
364
3119
1742
1898
2999
707
1299
1799
2385
1397
2773
1459
1947
2186
2902
1884
1717
1333
2176
2592
2741
3236
523
233
60
2843
3248
449
1250
2537
513
469
3486
2968
3032
3312
2981
1495
2528
2679
587
883
369
646
1729
2132
246
192
1661
345
121
1564
1855
2636
1159
2909
2815
2870
2482
1183
2059
1289
471
1394
1818
1331
2885
3014
2432
1253
1349
1247
2557
69
2292
2712
1664
3438
235
2107
3190
3481
3091
16
2847
3003
860
635
3043
2862
897
1910
497
282
1143
1519
3256
2250
259
1615
3458
26
642
435
336
649
3133
499
1496
2375
3022
1028
2950
1426
445
250
2140
452
3465
2596
3229
1493
2435
1821
2756
2674
1716
3352
520
1458
160
2994
2745
969
1216
341
3063
1941
2236
3186
2555
2978
2939
1062
2933
2097
709
1396
3179
2328
2147
169
1072
2774
1526
3199
30
2438
2434
3397
903
2502
187
2036
2677
2666
107
3306
1835
3409
128
798
1369
2591
367
2982
2722
3006
3090
1645
2090
1041
1735
101
775
96
1290
2572
2973
3099
1853
3326
2765
3028
3435
1808
2173
211
2535
392
439
3505
823
2050
1683
1591
693
654
863
3112
1267
2171
2698
620
1102
2101
228
1807
1611
2440
1585
1520
468
613
1313
2801
952
660
1852
164
2457
158
3424
161
553
333
2156
2253
2931
938
220
2459
1864
1846
741
533
882
3355
1171
1771
887
417
329
1959
1889
585
940
1903
562
1097
2332
1432
3515
224
763
3411
3259
167
1653
1232
2623
2483
2413
454
296
838
1037
3298
2149
2603
2157
2397
2969
3184
761
2088
3526
2351
2264
672
1923
3478
2809
3210
182
2255
1792
2442
3455
3031
922
1016
1629
3137
729
2593
2692
3396
496
2296
500
2300
2153
3268
537
1186
3321
1342
2832
1836
2069
2450
957
3345
2118
1883
3354
3461
3392
578
3374
1730
555
683
386
1101
2802
778
692
2703
909
1810
624
460
650
3027
371
1207
241
3432
2821
1598
662
519
1937
1274
792
1217
2567
2958
294
875
2943
1376
1656
716
