1356
3020
636
2316
1292
3265
541
2509
3280
424
75
1433
2808
3013
292
1041
1932
2099
2823
1181
2094
787
1701
525
542
371
443
1488
2652
1803
920
2430
1208
3608
2714
3436
1827
3354
644
256
1779
2414
2019
3367
582
3666
2088
2051
295
1436
3232
3453
1496
1567
1515
1140
1818
1105
1211
3184
486
1834
2888
791
1338
3581
2269
1565
725
3101
221
1024
1679
162
124
164
608
1244
1992
2624
2611
3565
710
41
2131
437
100
3675
2873
697
1970
312
2497
2954
3072
2437
6
929
2800
810
2503
202
1502
1420
887
965
1879
3413
976
2229
1828
655
1463
2812
1148
1782
2389
2105
790
218
2877
2450
2012
81
3251
945
2470
1858
3039
2689
2223
2291
3677
3058
2673
3312
1952
1915
680
384
2921
3598
3249
250
1484
135
3001
597
821
3343
123
2535
2794
1886
2145
3497
3474
368
3236
1980
1165
1901
1824
902
1214
2116
2545
2185
3442
2076
1629
1860
3285
3449
1990
421
265
110
2113
1898
3721
1524
2061
938
571
116
3351
1838
2702
2370
2036
3566
568
2919
2202
14
1742
3011
137
1925
738
1054
2754
868
1137
388
968
780
2173
1537
2945
1542
478
2107
1414
828
2601
2561
1847
2476
1264
765
242
2658
3104
981
3427
2351
2674
1816
750
1814
328
2531
3224
2100
999
2283
1647
1129
626
1243
2547
1109
7
2544
3731
2957
1600
91
48
2241
1998
129
3211
2591
1475
538
1259
3256
2502
1219
1422
1538
3398
394
1547
1164
3559
2452
3269
714
1626
3368
876
1627
3071
654
2373
99
1223
2127
1320
2896
2964
364
897
2178
2048
3135
234
2106
1170
1759
755
2850
3439
300
2540
1257
574
2193
1541
613
2297
2304
2334
1939
3307
1267
281
1883
1535
3099
2851
3405
982
740
1931
1286
1274
969
3418
2150
1006
2668
2319
720
2156
482
699
2640
365
702
3487
729
1473
2236
2847
2759
3043
1438
771
1689
1478
794
498
502
3715
1252
2219
3425
634
569
3294
1075
1156
1285
318
1385
3185
2923
286
3555
550
2696
1512
1641
74
736
2284
2659
862
1347
3263
2042
1394
76
2161
2165
1805
390
42
3504
578
2752
3146
161
1225
3456
302
35
251
880
677
1800
2028
1413
1246
2005
1221
2940
2171
2564
1440
2044
2661
666
3109
3166
642
1468
528
1778
3196
1000
1235
692
781
646
3136
219
3239
2436
1333
746
751
2718
1981
1207
2885
2420
2186
2990
2155
1411
2030
3056
2712
1056
1126
92
2494
2607
1576
958
2806
1489
2621
3328
1550
3173
3279
1668
2597
1753
1150
2020
2110
3118
442
1337
1326
1734
432
2500
3015
1690
3336
3045
3322
3512
2074
631
1994
2246
1551
2930
3659
192
2641
3017
1139
73
3597
1523
932
1722
1625
3378
1513
2211
2726
1197
1986
347
861
2602
563
2007
606
2139
1589
1032
1495
479
2003
719
230
726
103
3698
3230
466
3093
1417
1113
2988
2538
2221
2865
2077
1749
2986
1907
233
1295
2491
3180
1812
268
3727
1125
700
212
2064
1071
1010
119
2205
3321
931
890
3057
1307
621
591
1037
1984
354
2730
898
3440
3299
2982
2523
2125
795
1327
63
855
2400
668
1296
2511
1786
3216
2520
687
524
1231
1574
84
2090
2402
565
359
575
2122
1157
402
1908
106
761
3481
940
2616
2704
2697
2872
3470
2166
3172
813
2068
2162
858
2639
2893
2820
1432
3068
3361
276
1115
2053
1554
980
2768
1053
462
3087
2578
1959
266
3369
107
3323
3382
3611
998
2025
2490
120
1330
662
3244
3313
2332
2285
1763
2589
883
1671
412
289
827
3151
3360
2582
1737
2743
448
134
888
2103
3420
22
374
2526
427
1918
2330
260
2898
593
25
643
1100
1456
2188
2289
1258
1719
190
1083
934
2302
2239
533
1954
937
614
321
2810
1174
615
1623
3092
1811
1119
2322
369
2826
513
3324
305
1636
32
3271
435
1616
1493
98
2010
812
3325
893
1380
2622
1017
1450
449
211
455
1590
2536
96
145
1922
793
1748
2804
1873
64
1559
647
490
1654
1349
3626
2442
857
3576
2656
3162
243
2985
2230
962
2456
249
325
2692
2691
1790
3412
3515
713
2556
733
1049
2575
546
2785
2848
68
3208
2306
1948
2323
2344
2159
3372
2776
1497
1531
3567
877
1872
1645
1449
3257
744
3238
353
3076
3613
581
494
3132
1631
1971
1058
1171
1705
2979
1123
2728
3267
3673
155
3687
689
3469
994
2085
3724
2354
835
2539
3600
2387
2469
2713
881
85
128
2570
2707
1650
1092
2226
1659
732
3362
3479
2836
2897
151
2009
1107
630
2419
3402
2983
3212
2549
113
426
2096
1291
257
735
2958
3452
2655
58
2136
2350
3624
3680
2687
3064
540
1960
3519
2104
1677
1835
2383
3421
2157
393
2256
3305
1617
24
185
3047
2412
2524
2550
947
55
439
1063
3542
1856
2347
262
3628
2534
330
3612
499
414
3622
3134
1287
1340
2929
2528
310
1124
2767
839
277
1195
1220
3445
2352
2250
2833
2369
2309
132
2515
1018
1797
721
1985
3634
1275
3490
1637
37
2584
1503
1534
2827
216
1312
928
2314
2481
3314
832
1014
834
3570
1331
1051
214
2936
3527
2342
2614
1080
2513
2946
886
1843
2580
3199
3227
430
904
892
246
824
311
3661
3120
1455
3353
536
727
1446
2787
526
291
2453
2336
1348
429
130
1172
2069
2384
3090
3332
2695
1704
415
483
1764
2716
3050
1242
3041
1459
987
815
1076
235
2920
3593
3059
461
3113
2170
1068
1145
2070
1097
373
1928
743
2724
3366
2496
3411
3024
2163
2201
3115
43
154
1501
2527
2688
2588
3616
873
2543
3703
1808
2206
3317
2854
3084
2874
1281
2932
1926
3447
3522
2552
560
3169
184
879
747
1370
1072
2301
1396
1632
2174
2183
1491
2263
3096
2541
2169
114
1485
1008
3040
2797
1184
1442
760
407
3288
2483
1670
3301
3260
3330
2295
3643
3395
2795
1946
1122
1416
3111
2853
3316
1666
2629
3193
2439
194
171
425
3722
303
409
2646
3725
2680
2565
2487
708
2006
1643
1558
3525
2296
2590
349
1434
2015
2662
2245
2887
3083
722
454
2180
2394
422
2915
3192
1770
1254
1672
731
1999
2474
1591
2231
3651
2398
2672
783
49
2519
1093
1620
1352
150
316
667
3483
2000
2097
566
2047
225
3198
78
3548
3409
223
271
378
657
671
2102
3008
3085
261
344
2699
3498
3038
1
2338
1021
3390
3664
1694
1188
1618
1810
1791
763
446
2845
2508
1294
1675
1127
3669
974
2142
1386
264
3204
3579
1831
797
944
1526
1317
659
2895
3145
1837
649
1141
1973
3671
297
3605
1652
1699
872
1854
3495
2479
517
3335
2011
599
1040
3556
1536
3384
907
1676
651
290
3509
2377
2598
1271
2438
3290
339
1179
704
51
2016
2883
1336
2620
1061
846
653
3632
3048
2645
2522
3153
2970
2098
3635
3639
2261
2140
579
1688
198
2324
2579
3225
1947
2568
1465
1047
638
3358
2315
298
410
3403
1934
1746
1916
2199
2505
2266
2059
2766
3350
2388
342
769
1074
777
3446
2677
1177
94
401
3463
2112
3448
2466
2980
776
1611
2286
2817
759
2065
506
1310
1543
3276
27
314
2558
458
1467
1624
3175
1751
1059
2927
2788
3569
3514
1268
463
2638
222
3648
2435
1469
577
1697
56
2715
1804
2665
2499
3505
1530
2649
641
2413
2121
707
205
3535
2082
1693
3699
1730
2802
3108
2654
40
331
2337
604
629
774
1007
2838
70
1406
2062
1238
350
2822
696
3023
2571
3538
535
3012
1232
2149
1392
400
273
519
2249
2196
3688
1875
3088
2395
366
688
3544
2809
61
1004
3293
3364
36
685
3100
1727
1687
1278
1653
3694
3717
2951
472
2123
2736
2586
3042
1867
1738
635
952
19
1776
622
960
3401
159
2037
2251
661
2381
2782
709
585
3517
948
2864
3650
1758
779
1902
3035
598
2681
3391
2914
588
1096
889
65
2934
941
505
2455
1073
912
3633
2252
2583
2410
822
754
2311
2968
380
1152
3053
2079
686
594
2303
2532
3339
814
18
1353
1958
2468
698
3179
2604
3468
3194
2360
3009
2803
2679
2882
1566
3701
1323
186
1315
3728
2642
1820
1180
3708
943
3203
2471
592
670
1691
2530
1891
3176
894
3437
640
383
1982
2606
3291
3518
3253
2232
3106
1587
1399
360
44
2857
227
1736
3606
2421
180
1956
172
570
1640
1373
2816
3220
1895
2022
196
2222
1644
2008
2293
899
918
301
1957
419
1457
1599
323
2965
2630
1628
2441
2233
1038
1016
2382
1039
3407
2461
2367
1728
2942
1447
501
3720
728
176
417
2955
2572
3508
806
3553
2386
1241
1185
1592
2001
2287
730
1833
1569
3006
2657
2346
2333
204
1155
447
1665
1686
925
3599
2781
1830
3649
993
3110
2844
2343
285
3732
921
1384
1573
3477
30
340
1913
3568
972
1448
317
248
3258
3219
819
343
2176
772
2876
3573
193
3131
2961
3404
1334
1953
392
2143
2485
1920
3356
1371
1775
197
2154
1732
1949
3033
3595
1322
977
231
3163
2168
3129
1989
3718
1335
1710
2663
474
3429
26
2004
1859
3240
553
1441
3393
255
1299
3549
658
2411
900
2740
2860
1793
2878
473
1482
3713
275
1136
2305
3264
469
1819
3523
1365
605
2278
1203
3031
1967
3190
2843
2432
375
609
1557
3016
2760
1474
1279
1577
1912
909
1781
3467
859
2721
2130
3587
1799
531
1419
959
39
336
2944
2254
1212
3464
3346
1561
1596
2238
470
807
1552
1768
935
1190
3662
1117
2987
2371
1539
1376
2460
1201
838
1236
618
1911
1504
1249
93
1314
377
3002
1935
2213
2066
3188
4
3379
1560
2086
416
126
294
2362
2041
1351
215
3500
3311
1602
2374
3004
2992
804
753
532
2087
3697
2078
226
2445
3255
1091
1341
2366
3590
2807
1173
2225
1930
933
3710
3396
1374
3551
983
1009
9
2034
2819
1707
3133
2636
406
195
1375
460
62
1132
3723
1060
660
3348
1545
942
1391
2486
802
818
1720
3357
2700
253
3217
3140
2477
229
2603
2626
683
2255
108
97
2144
2933
3123
703
3516
83
1218
3502
2463
817
2705
1597
1476
3370
2902
1527
2732
799
1253
1081
2594
2259
46
2428
2701
3144
2482
3319
3399
1866
970
12
220
676
954
2408
1290
978
3529
1499
1708
1864
3063
1607
1923
2179
2109
2619
2197
3054
3586
1525
2542
792
2067
1996
489
1153
3103
1714
2310
1273
1487
786
3459
2480
2612
1472
2272
2518
2962
1580
495
201
1318
2741
163
1942
595
3086
456
1036
66
3647
2746
3067
308
562
2763
2440
1354
1723
926
283
2984
895
2177
475
957
398
1766
2989
1364
3389
2160
2551
3252
3532
3562
445
823
1481
596
1769
2331
2292
2298
1646
3160
2725
3539
2748
509
1265
3455
1430
576
1270
1426
1729
3385
1777
213
1019
1011
2348
870
975
1425
492
602
811
3026
1903
573
512
1663
2742
3414
2928
628
1003
1975
2916
2997
1311
2694
207
1826
3028
358
2320
209
1634
2055
539
3159
3055
1762
2475
2805
2404
334
1437
3726
924
3564
1262
2765
1269
3631
950
3231
1571
3458
967
664
1685
3141
1261
2595
2318
800
796
2835
3201
141
3213
1358
1431
3610
2215
288
2709
3019
1829
3074
237
3228
3383
1658
1882
3621
1921
1369
1964
1787
496
1106
2101
854
3182
2472
203
2368
1183
718
3709
1277
1202
1013
178
1042
3471
16
411
1217
3637
488
1519
2294
3300
259
789
2948
5
1938
1817
1669
1896
1346
1146
2433
3531
102
2993
3337
2024
2669
3686
2981
784
493
2134
1593
2317
324
3331
238
1735
1544
3302
3248
2862
1924
3127
3277
2926
1521
23
2789
3641
1099
1583
244
1865
1509
3167
2033
3406
1601
2943
3387
1510
1874
436
1507
1678
1639
3373
1740
543
351
1955
2209
3526
1046
556
1415
1877
896
3125
2855
586
2892
1428
620
901
1423
3484
2879
3155
1642
1266
2507
693
3424
2039
348
2194
840
3069
1664
1578
3148
3223
2120
2267
3270
188
1747
610
1086
3018
633
504
2918
2026
1160
1608
1390
3689
372
2664
2029
2363
2052
1724
451
3704
2146
3561
2909
808
1548
2623
3572
2391
1914
3272
2938
3168
3682
1237
3563
3475
140
1401
511
3164
951
1744
1343
1609
1216
3274
177
3060
3010
1030
1147
3625
1546
2560
2393
2459
2427
1857
3295
1362
127
865
2792
3560
144
3
1514
1120
2138
2060
2966
282
534
381
2124
3494
3410
3177
2830
2175
338
3462
3266
2478
1498
2327
1005
2204
749
2762
395
2821
3283
1424
3138
2711
3005
3320
1756
1983
2609
2207
1191
1098
3499
645
3007
2950
2569
2686
1176
3284
2947
1492
1788
2271
1849
2975
3165
1961
1458
3614
510
3540
1079
3545
1754
2465
3663
1490
3618
1206
554
1383
2498
2798
2722
2960
2418
530
545
1794
922
2755
1121
3029
1613
2132
2548
387
3670
1158
1969
3667
2751
182
1418
2546
2493
2917
762
1910
2744
2017
327
2633
632
3557
1739
1594
2618
3454
3656
3242
239
2443
2778
1118
863
3594
973
2312
2405
1717
860
115
915
1822
2409
916
2637
2135
1033
798
768
2886
1248
2380
1084
2738
2214
167
2737
1363
2075
2978
2397
3326
2083
156
2937
2837
611
2390
1359
3341
357
3371
2258
549
3537
3386
307
996
816
89
3623
1588
3206
1405
1581
2046
841
3081
166
2516
2735
3381
2750
1937
1993
1532
1562
3161
1809
1239
3338
1445
1260
3705
1987
3107
206
1135
2585
77
3078
3585
2949
187
617
1300
2126
3428
923
826
2648
1283
3541
2253
1899
917
1215
2326
1771
2417
2577
2868
3589
313
559
1556
991
2444
1792
1339
3691
485
2114
272
1028
165
3124
1193
1055
1745
1169
3215
1388
208
752
3241
2756
1161
47
979
2745
1409
1196
1888
2128
773
3021
1773
3536
757
905
3143
3601
3507
304
2276
1563
2137
1692
882
1966
1094
2977
2605
3304
829
3139
335
3210
1280
382
2783
1111
2335
1138
2111
2118
2275
1927
2894
1192
441
3642
2708
2355
1511
2164
1078
396
500
2905
1533
1116
663
1398
690
2779
3646
175
3250
2216
1674
1128
3027
1518
471
104
2262
1845
3629
910
1741
1622
1470
555
403
3377
3122
2167
1662
1977
408
3617
3262
1360
1168
2903
3676
678
1204
1407
3630
2152
1978
1194
1680
3034
2901
3580
2599
2279
2217
1494
1134
3095
2521
3218
2723
2050
2095
1517
1968
1302
2270
2861
3119
711
3480
2537
919
319
2563
523
157
1282
1715
990
3609
3344
3693
989
1104
1429
3397
3003
3558
567
2770
1885
487
179
1002
3286
3226
3706
2671
848
1855
3408
2703
2089
2529
346
2995
2913
2364
1110
69
2747
147
2615
1801
587
148
2839
3511
1869
3121
3306
1962
1199
2952
831
1568
2753
2467
961
3501
3577
355
3700
3254
1893
3461
1198
3114
3036
3554
1813
2147
548
142
3707
