47 1021
34 1020
42 1019
80 1018
960 1017
35 1016
24 1015
112 1014
199 1014
46 1013
25 1012
77 1011
116 1010
209 1009
47 1008
58 1007
107 1006
112 1005
77 1004
199 1003
82 1002
77 1001
199 1000
25 999
35 998
53 997
869 996
77 995
35 994
792 993
22 992
354 991
52 990
35 989
199 988
26 987
960 986
46 985
148 984
116 983
116 982
22 981
35 980
869 979
52 978
354 977
359 976
35 975
34 974
107 973
58 972
28 971
199 970
80 969
58 968
26 967
28 966
53 965
30 964
354 963
35 962
82 961
1 960
12 960
359 959
58 958
446 958
116 957
792 956
446 955
148 954
52 953
359 952
16 951
80 951
107 950
107 949
174 948
82 947
35 946
446 946
46 945
827 944
53 943
26 942
90 941
99 940
52 939
446 938
34 937
42 937
47 936
116 935
52 934
42 933
34 932
199 931
42 930
77 929
199 928
26 927
82 926
209 925
82 924
34 923
22 922
35 921
827 920
27 919
58 918
77 917
47 916
58 915
354 914
77 913
46 912
156 911
82 910
82 909
52 908
359 907
77 906
209 905
99 904
446 903
354 902
359 901
28 900
148 899
25 898
209 897
25 896
53 895
446 894
869 893
116 892
46 891
174 890
112 889
359 888
77 887
58 886
42 885
22 884
148 883
53 882
446 881
42 880
42 879
21 878
25 878
792 877
359 876
209 875
174 874
199 873
148 872
58 871
869 870
3 869
11 869
24 868
77 868
52 867
89 866
82 865
209 864
2 863
77 863
46 862
22 861
25 860
99 859
77 858
42 857
30 856
446 856
107 855
209 854
99 853
58 852
107 851
58 850
112 849
82 848
77 847
116 846
359 845
77 844
90 843
77 842
148 841
42 840
34 839
28 838
446 837
46 836
80 835
112 834
42 833
359 832
116 831
82 830
34 829
199 828
18 827
20 827
359 826
58 825
354 824
446 823
34 822
47 821
446 820
174 819
148 818
47 817
107 816
792 815
46 814
46 813
24 812
354 811
148 810
35 809
58 808
25 807
53 806
58 805
34 804
112 803
112 802
82 801
47 800
359 799
116 798
80 797
82 796
25 795
53 794
156 793
12 792
14 792
24 791
52 790
89 789
34 788
107 787
446 786
24 785
46 784
34 783
174 782
359 781
80 780
35 779
112 778
53 777
47 776
99 775
80 774
24 773
42 772
42 771
77 770
82 769
446 768
359 767
35 766
22 765
77 764
24 763
34 762
42 761
446 760
35 759
354 758
46 757
107 756
82 755
99 755
35 754
25 753
53 752
24 751
82 750
30 749
3 748
446 748
354 747
34 746
148 745
28 744
52 743
24 742
354 741
446 740
90 739
359 738
107 737
82 736
99 735
446 734
24 733
30 732
80 731
209 730
34 729
25 728
10 727
26 727
34 726
90 725
77 724
52 723
354 722
446 721
107 720
58 719
354 718
30 717
359 716
354 715
77 714
99 713
107 712
99 711
46 710
359 709
47 708
199 707
446 706
116 705
77 704
148 703
47 702
30 701
58 700
80 699
35 698
52 697
199 696
42 695
30 694
58 693
174 692
148 691
446 690
58 689
30 688
148 687
30 686
53 685
47 684
359 683
46 682
354 681
28 680
4 679
99 679
25 678
82 677
199 676
156 675
112 674
3 673
35 673
24 672
42 671
209 670
112 669
99 668
42 667
107 666
354 665
90 664
77 663
99 662
99 661
25 660
446 659
446 658
26 657
52 656
47 655
80 654
90 653
107 652
359 651
156 650
28 649
52 648
52 647
90 646
42 645
446 644
24 643
80 642
30 641
27 640
199 639
174 638
25 637
148 636
34 635
354 634
34 633
107 633
116 632
24 631
354 630
25 629
359 628
24 627
24 626
148 625
52 624
116 623
446 622
47 621
107 620
8 619
34 619
25 618
209 617
47 616
148 615
26 614
148 613
82 612
52 611
156 610
99 609
25 608
52 607
25 606
53 605
27 604
354 603
22 602
77 601
24 600
354 599
53 598
107 597
359 597
28 596
112 595
359 594
148 593
354 592
148 591
42 590
90 589
112 589
34 588
446 587
77 586
77 585
112 584
199 583
116 582
26 581
24 580
446 579
112 578
112 577
99 576
107 575
107 574
359 573
82 572
25 571
107 570
112 569
80 568
52 567
24 566
174 565
35 564
446 563
116 562
116 561
359 560
35 559
99 558
42 557
34 556
89 556
446 555
42 554
58 553
34 552
82 551
112 550
209 549
58 548
42 547
30 546
174 545
34 544
34 543
82 542
80 541
77 540
99 539
354 538
148 537
58 536
107 535
77 534
148 533
52 532
359 531
34 530
34 529
90 528
26 527
112 526
25 525
80 524
199 523
26 522
209 521
28 520
82 519
10 518
53 518
112 517
46 516
446 515
80 514
156 513
2 512
446 512
28 511
359 510
47 509
22 508
82 507
199 506
25 505
107 504
174 503
174 502
34 501
53 500
46 499
35 498
77 497
112 496
47 495
30 494
25 493
30 492
52 491
89 490
25 489
148 489
25 488
77 487
25 486
107 485
42 484
359 483
107 482
28 481
80 480
22 479
30 479
30 478
46 478
116 477
52 476
35 475
46 474
52 473
80 472
58 471
34 470
47 469
148 468
89 467
199 466
77 465
30 464
35 463
35 462
82 461
24 460
359 459
199 458
34 457
52 456
199 455
30 454
42 453
107 452
46 451
148 450
24 449
199 448
42 447
13 446
17 446
107 445
112 444
148 443
354 442
52 441
42 440
30 439
77 438
209 437
116 436
156 435
22 434
42 433
22 432
53 431
3 430
354 430
359 429
30 428
53 427
34 426
26 425
28 424
116 423
8 422
52 422
174 421
359 421
42 420
26 419
13 418
77 418
354 417
77 416
24 415
148 414
209 413
359 412
90 411
209 410
82 409
58 408
359 407
90 406
21 405
112 405
46 404
35 403
30 402
99 401
46 400
26 399
359 399
20 398
82 398
359 397
148 396
35 395
80 394
26 393
14 392
354 392
35 391
199 390
112 389
46 388
58 387
112 386
34 385
27 384
47 384
52 383
199 382
42 381
35 380
199 379
25 378
46 377
107 376
58 375
199 374
42 373
26 372
99 371
46 370
52 369
77 368
46 367
209 366
34 365
354 364
77 363
107 362
30 361
58 360
19 359
20 359
82 358
42 357
30 356
26 355
4 354
18 354
107 353
90 352
99 351
156 350
34 349
99 348
46 347
24 346
30 345
116 344
58 343
52 342
18 341
99 341
99 340
209 339
35 338
116 337
22 336
25 336
107 335
116 334
89 333
174 332
99 331
99 330
24 329
82 328
24 327
25 326
148 325
107 324
53 323
42 322
26 321
209 320
82 319
116 318
53 317
22 316
80 315
34 314
82 313
116 312
34 311
30 310
90 310
99 309
53 308
27 307
30 306
30 305
35 304
112 303
22 302
199 301
89 300
53 299
9 298
199 298
52 297
58 296
46 295
199 294
112 293
42 292
22 291
148 290
58 289
58 288
15 287
25 287
6 286
47 286
42 285
30 284
26 283
24 282
20 281
25 281
112 280
77 279
148 278
99 277
82 276
77 275
47 274
82 273
25 272
209 271
34 270
22 269
26 269
99 268
20 267
34 267
26 266
42 265
53 264
156 263
82 262
209 261
89 260
17 259
52 259
99 258
82 257
15 256
24 256
34 255
46 254
209 253
174 252
34 251
199 251
148 250
77 249
209 248
116 247
52 246
22 245
52 244
156 243
30 242
116 241
3 240
99 240
90 239
25 238
35 237
53 236
174 235
53 234
99 233
199 232
25 231
46 230
82 230
19 229
89 229
116 228
35 227
99 226
148 225
47 224
199 223
209 222
26 221
46 220
107 219
112 218
156 217
52 216
99 215
35 214
209 213
42 212
77 211
99 210
13 209
18 209
26 208
112 207
10 206
27 206
25 205
199 204
82 203
89 202
18 201
34 201
46 200
9 199
10 199
156 198
90 197
89 196
12 195
107 195
156 194
89 193
25 192
148 191
112 190
112 189
42 188
0 187
47 187
174 186
30 185
82 184
112 183
30 182
174 181
34 180
99 180
53 179
47 178
99 177
3 176
34 176
19 175
112 175
0 174
1 174
46 173
24 172
52 171
15 170
24 170
53 169
14 168
47 168
77 167
42 166
35 165
148 164
28 163
112 162
116 161
24 160
7 159
34 159
0 158
80 158
42 157
6 156
11 156
148 155
77 154
112 153
35 152
58 151
26 150
14 149
28 149
18 148
19 148
30 147
1 146
30 146
116 145
112 144
53 143
99 142
82 141
107 140
47 139
99 138
116 137
25 136
14 135
27 135
6 134
77 134
34 133
22 132
53 131
112 131
112 130
116 129
26 128
77 127
82 126
14 125
77 125
26 124
42 123
24 122
47 121
30 120
42 119
26 118
26 117
5 116
17 116
99 115
25 114
77 113
2 112
21 112
30 111
34 110
77 109
82 109
26 108
2 107
12 107
99 106
82 105
26 104
34 103
46 102
20 101
58 101
24 100
1 99
17 99
13 98
58 98
13 97
46 97
1 96
46 96
82 95
58 94
14 93
30 93
27 92
14 91
47 91
3 90
4 90
7 89
11 89
19 88
82 88
26 87
47 86
34 85
46 84
58 83
1 82
18 82
42 81
47 81
13 80
14 80
18 79
35 79
10 78
27 78
15 77
18 76
25 76
58 75
30 74
52 73
1 72
52 72
47 71
46 70
42 69
35 68
26 67
26 66
25 65
34 64
34 63
20 62
58 62
10 61
30 61
25 60
0 59
53 59
14 58
17 58
26 57
15 56
46 56
42 55
26 54
3 53
13 53
8 52
15 52
30 51
22 50
21 49
27 49
42 48
3 47
21 47
0 46
19 46
1 45
34 45
24 44
25 43
6 42
17 42
21 41
22 41
18 40
26 40
8 39
25 39
27 38
26 37
34 36
8 35
11 35
13 34
21 34
3 33
24 33
6 32
25 32
22 31
3 30
18 30
24 29
0 28
14 28
1 27
3 27
2 26
12 26
10 25
20 25
1 24
20 24
6 23
22 23
2 22
3 22
