>  1 1158 1133 1108 1013 869 853 829 808 703 672 663 662 652 645 584 575 570 563 519 488 483 474 447 378 340 337 281 263 254 224 212 208 198 170 169 168 151 150 149 148 147 146 145 88 87 86 57 56 55 54 53 52 39 38 7 6 5 4 3 2
>  2 1201 1195 1190 1177 1173 1152 1150 1142 1137 1136 1088 1053 1050 1043 996 963 951 938 909 875 858 856 842 817 811 798 794 783 774 772 766 765 744 715 706 705 694 691 672 664 660 650 643 628 623 620 617 612 598 583 559 545 543 539 528 513 512 501 500 491 462 454 450 444 443 440 432 415 392 383 371 362 345 332 326 302 283 259 256 248 239 220 216 205 198 197 188 187 186 185 133 132 131 88 87 86 85 84 83 82 81 80 79 78 76 75 74 73 72 29 28 27 26 25 24 7 6 5 4 3 2 1
>  3 1198 1195 1136 996 982 938 929 921 906 887 856 815 783 775 774 761 759 708 694 672 651 634 617 612 606 597 594 583 573 572 559 547 525 514 500 472 451 444 443 423 418 408 398 383 329 328 324 288 262 227 218 214 203 198 197 181 180 179 123 122 121 120 119 118 117 116 88 87 86 85 84 83 82 81 80 79 78 65 64 63 62 61 60 17 7 6 5 4 3 2 1
>  4 1208 1187 1178 1158 1146 1133 1119 1108 1042 1023 1015 1013 989 961 960 942 936 928 916 892 869 853 845 829 808 793 767 717 703 690 686 679 672 663 662 652 645 586 585 584 580 575 574 570 568 563 521 519 510 509 488 486 483 474 447 395 378 359 340 337 281 279 263 254 224 213 212 208 198 178 177 176 175 174 173 172 171 170 169 168 151 150 149 148 147 146 145 88 87 86 59 57 56 55 54 53 52 39 38 7 6 5 4 3 2
>  5 1198 1160 1151 1145 1028 1017 982 968 943 929 921 911 833 814 776 759 746 679 672 667 665 634 601 594 585 533 525 514 503 496 484 459 427 408 406 398 397 359 328 324 272 269 257 213 210 203 198 178 177 176 175 174 173 172 171 164 163 162 161 160 159 123 122 121 120 119 118 117 116 88 87 86 59 44 43 42 17 7 6 5 4 3 2
>  6 1208 1178 1172 1165 1151 1146 1130 1126 1110 1100 1099 1087 1044 1037 1023 1013 994 989 981 968 960 956 943 936 929 928 927 916 871 833 829 822 776 767 746 717 703 697 690 686 679 676 665 663 654 634 594 586 585 584 580 574 570 568 534 533 521 519 510 509 496 488 487 486 483 459 447 439 430 427 408 407 398 397 395 378 367 340 337 322 311 308 281 279 251 234 213 212 208 203 178 177 176 175 174 173 172 171 170 169 168 167 151 150 149 148 147 146 145 123 122 121 120 119 118 117 116 59 57 56 55 54 53 52 39 38 17
>  7 1195 1142 1136 1050 996 963 938 875 858 856 783 774 715 694 691 672 664 623 620 617 612 583 559 528 500 462 444 443 441 440 432 415 383 362 345 283 256 248 239 220 205 198 197 133 132 131 130 88 87 86 85 84 83 82 81 80 79 78 29 28 27 26 25 24 7 6 5 4 3 2 1
>  8 375 204 127 126 125 23 22 21 20 19 18
>  9 672 198 88 87 86 7 6 5 4 3 2
>  10 704 199 94 93 92 91 90 89 10 9 8
>  11 1208 1178 1167 1154 1146 1110 1102 1072 1058 1023 1014 1013 989 980 969 960 936 928 916 888 860 829 767 719 717 703 690 686 679 663 648 633 586 585 584 580 574 570 568 527 521 519 510 509 488 486 483 477 447 407 402 395 378 377 363 348 340 337 307 291 281 279 233 213 212 208 201 178 177 176 175 174 173 172 171 170 169 168 167 151 150 149 148 147 146 145 107 106 105 104 103 102 59 57 56 55 54 53 52 39 38 15 14 13
>  12 672 198 88 87 86 7 6 5 4 3 2
>  13 1195 1164 1136 996 938 902 856 783 774 694 672 617 612 583 559 529 500 479 467 444 443 426 383 323 273 200 198 197 101 100 99 98 97 96 95 88 87 86 85 84 83 82 81 80 79 78 12 11 7 6 5 4 3 2 1
>  14 901 710 565 549 532 511 460 375 215 204 184 183 182 127 126 125 124 71 70 69 68 67 66 22 21 20 19 18
>  15 829 672 662 652 563 519 488 483 474 263 224 212 198 170 169 168 88 87 86 57 56 55 54 53 52 7 6 5 4 3 2
>  16 1005 761 736 716 708 679 672 655 651 608 606 595 591 585 573 547 520 502 475 472 418 359 288 262 223 218 214 213 198 181 180 179 178 177 176 175 174 173 172 171 88 87 86 65 64 63 62 61 60 59 7 6 5 4 3 2
>  17 1205 1195 1143 1142 1136 1124 1084 1075 1050 1019 996 970 963 938 903 875 858 856 839 821 790 783 774 749 715 699 694 691 679 673 672 664 629 623 620 617 613 612 599 585 583 559 544 528 523 506 500 468 462 444 443 440 432 415 383 362 361 359 346 345 344 321 283 256 248 239 220 213 205 198 197 178 177 176 175 174 173 172 171 133 132 131 88 87 86 85 84 83 82 81 80 79 78 59 29 28 27 26 25 24 7 6 5 4 3 2 1
>  18 1219 1218 1205 1203 1192 1159 1141 1135 1129 1106 1084 1073 1062 1059 1051 1025 1006 993 976 946 924 910 903 899 883 851 843 797 790 749 747 745 732 716 715 711 699 683 679 669 661 655 629 626 618 613 606 605 599 595 591 585 573 564 560 558 554 546 544 535 530 520 506 502 497 489 475 472 405 389 387 365 361 344 321 288 284 283 275 262 256 252 223 214 213 205 202 181 180 179 178 177 176 175 174 173 172 171 133 132 131 130 115 114 113 112 111 110 109 108 65 64 63 62 61 60 59 28 27 26 25 24 16
>  19 1198 1181 1142 1112 1002 982 963 929 921 920 875 858 759 715 691 672 664 634 594 541 525 524 514 457 441 440 432 408 398 362 328 324 283 256 240 239 226 205 203 198 133 132 131 130 123 122 121 120 119 118 117 116 88 87 86 28 27 26 25 24 17 7 6 5 4 3 2
>  20 734 698 670 318 207 144 143 142 141 140 139 138 37 36
>  21 1205 1193 1191 1084 1070 1050 1019 1012 970 913 912 903 860 839 790 749 739 715 713 702 699 679 675 673 638 629 620 617 613 599 585 581 544 538 528 523 506 478 477 470 462 444 415 402 361 348 346 344 339 335 321 307 291 283 278 256 233 220 213 205 201 197 178 177 176 175 174 173 172 171 133 132 131 130 107 106 105 104 103 102 85 84 83 82 81 80 79 78 59 28 27 26 25 24 15 14 13 1
>  22 715 623 283 256 248 205 133 132 131 29 28 27 26 25 24
>  23 1164 902 679 672 585 529 479 467 426 359 323 273 213 200 198 178 177 176 175 174 173 172 171 101 100 99 98 97 96 95 88 87 86 59 12 11 7 6 5 4 3 2
>  24 1201 1190 1177 1173 1152 1150 1142 1137 1088 1053 1043 963 951 909 875 858 842 817 811 798 794 772 766 765 744 715 706 705 691 672 664 660 650 643 628 598 545 543 539 513 512 501 491 454 450 441 440 432 392 371 362 332 326 302 283 259 256 239 216 205 198 188 187 186 185 133 132 131 130 88 87 86 76 75 74 73 72 28 27 26 25 24 7 6 5 4 3 2
>  25 1205 1193 1191 1084 1070 1050 1019 1012 970 913 912 903 860 839 790 749 739 715 713 702 699 679 675 673 638 629 620 617 613 599 585 581 544 538 528 523 506 478 477 470 462 444 415 402 361 348 346 344 339 335 321 307 291 283 278 256 233 220 213 205 201 197 178 177 176 175 174 173 172 171 133 132 131 130 107 106 105 104 103 102 85 84 83 82 81 80 79 78 59 28 27 26 25 24 15 14 13 1
>  26 1195 1136 996 938 856 783 774 704 694 672 637 625 617 612 600 583 559 500 444 443 403 386 383 325 199 198 197 94 93 92 91 90 89 88 87 86 85 84 83 82 81 80 79 78 10 9 8 7 6 5 4 3 2 1
>  27 1208 1205 1203 1188 1187 1185 1182 1178 1170 1163 1158 1155 1146 1142 1140 1134 1133 1131 1124 1120 1119 1116 1108 1084 1071 1063 1052 1051 1042 1026 1025 1023 1015 1013 1007 1006 1003 1000 989 987 986 983 979 976 975 973 964 963 961 960 944 942 939 937 936 933 930 928 916 915 903 899 898 897 892 875 874 873 869 866 865 862 858 853 849 845 836 834 829 828 808 806 799 797 793 791 790 787 781 771 767 764 758 757 750 749 747 741 734 733 727 724 717 715 711 703 699 698 691 690 686 679 672 670 669 664 663 662 661 652 649 645 631 629 623 619 616 613 599 596 589 586 585 584 580 579 575 574 570 568 563 558 557 556 554 548 546 544 536 531 522 521 519 510 509 506 505 489 488 486 483 476 474 468 465 463 447 442 440 436 432 431 428 422 405 395 394 387 385 384 378 374 373 369 362 361 359 344 340 337 333 327 321 318 312 309 296 292 287 283 281 279 277 275 270 263 256 254 253 252 248 239 231 224 222 213 212 208 207 205 202 198 178 177 176 175 174 173 172 171 170 169 168 151 150 149 148 147 146 145 144 143 142 141 140 139 138 133 132 131 115 114 113 112 111 110 109 108 88 87 86 59 57 56 55 54 53 52 39 38 37 36 29 28 27 26 25 24 16 7 6 5 4 3 2
>  28 1195 1164 1160 1145 1136 1028 996 938 902 856 783 774 694 672 667 617 612 601 583 559 529 503 500 484 479 467 444 443 426 406 383 323 273 272 269 257 210 200 198 197 164 163 162 161 160 159 101 100 99 98 97 96 95 88 87 86 85 84 83 82 81 80 79 78 44 43 42 12 11 7 6 5 4 3 2 1
>  29 1160 1145 1028 672 667 601 503 484 406 272 269 257 210 198 164 163 162 161 160 159 88 87 86 44 43 42 7 6 5 4 3 2
>  30 715 550 283 256 205 133 132 131 130 129 128 28 27 26 25 24
>  31 680 606 573 472 288 262 214 206 181 180 179 137 136 135 134 65 64 63 62 61 60 35 34 33 32 31
>  32 761 708 672 651 606 573 547 472 418 288 262 218 214 198 181 180 179 88 87 86 65 64 63 62 61 60 7 6 5 4 3 2
>  33 1182 1134 874 829 799 797 757 672 669 662 652 589 563 554 519 489 488 483 474 385 384 312 270 263 224 222 212 202 198 170 169 168 115 114 113 112 111 110 109 108 88 87 86 57 56 55 54 53 52 16 7 6 5 4 3 2
>  34 672 198 88 87 86 7 6 5 4 3 2
>  35 1005 761 736 716 708 679 672 655 651 608 606 595 591 585 573 547 520 502 475 472 418 359 288 262 223 218 214 213 198 181 180 179 178 177 176 175 174 173 172 171 88 87 86 65 64 63 62 61 60 59 7 6 5 4 3 2
>  36 1205 1203 1142 1124 1084 1051 1025 1006 1000 986 976 963 903 899 875 866 858 806 797 790 749 747 715 711 699 691 679 672 669 664 661 629 623 613 599 585 558 554 546 544 506 489 468 465 440 432 405 387 384 362 361 359 344 321 312 283 275 270 256 252 248 239 222 213 205 202 198 178 177 176 175 174 173 172 171 133 132 131 115 114 113 112 111 110 109 108 88 87 86 59 29 28 27 26 25 24 16 7 6 5 4 3 2
>  37 1214 1213 1205 1203 1202 1199 1196 1194 1189 1180 1176 1175 1174 1162 1157 1148 1147 1144 1139 1132 1124 1122 1115 1101 1097 1096 1093 1084 1076 1074 1070 1066 1055 1051 1041 1036 1031 1030 1025 1022 1020 1012 1010 1006 992 978 976 966 953 952 945 941 934 913 905 903 901 899 890 889 884 876 868 860 846 844 841 835 819 809 807 797 790 762 756 749 747 743 742 738 715 711 710 699 695 693 680 679 678 677 675 669 661 659 653 646 641 639 638 632 629 623 621 613 604 599 593 585 581 576 569 565 558 554 549 546 544 532 516 511 506 498 489 478 477 470 469 468 465 461 460 455 438 437 420 419 417 414 413 412 405 402 400 388 387 379 375 372 361 353 352 349 348 344 343 342 339 334 321 307 301 291 286 283 278 276 275 265 260 258 256 255 252 248 242 238 237 236 235 233 232 215 213 206 205 204 202 201 184 183 182 178 177 176 175 174 173 172 171 137 136 135 134 133 132 131 127 126 125 124 115 114 113 112 111 110 109 108 107 106 105 104 103 102 71 70 69 68 67 66 59 35 34 33 32 31 29 28 27 26 25 24 22 21 20 19 18 16 15 14 13
>  38 1208 1205 1170 1154 1131 1124 1102 1084 1071 1070 1068 1064 1054 1012 1011 1007 979 919 918 915 913 903 888 860 829 810 790 770 749 727 719 717 715 699 690 679 675 638 633 629 623 613 599 585 581 580 579 544 527 519 510 509 506 505 488 483 478 477 470 468 402 377 363 361 348 344 339 333 321 307 291 287 283 279 278 256 253 248 233 213 212 205 201 178 177 176 175 174 173 172 171 170 169 168 133 132 131 107 106 105 104 103 102 59 57 56 55 54 53 52 29 28 27 26 25 24 15 14 13
>  39 1160 1145 1028 679 672 667 601 585 503 484 406 359 272 269 257 213 210 198 178 177 176 175 174 173 172 171 164 163 162 161 160 159 88 87 86 59 44 43 42 7 6 5 4 3 2
>  40 929 704 634 594 408 398 203 199 123 122 121 120 119 118 117 116 94 93 92 91 90 89 17 10 9 8
>  41 1195 1183 1161 1142 1136 1079 1051 1050 1039 1025 1000 996 963 938 908 885 875 866 858 856 848 806 797 783 774 760 751 715 711 694 691 687 672 669 664 661 644 623 620 617 612 583 559 554 528 504 500 489 471 465 462 444 443 440 432 415 387 384 383 376 368 362 345 312 283 270 256 248 243 239 222 220 205 202 198 197 133 132 131 115 114 113 112 111 110 109 108 88 87 86 85 84 83 82 81 80 79 78 29 28 27 26 25 24 16 7 6 5 4 3 2 1
>  42 1158 1133 1108 1013 869 853 829 808 703 672 663 662 652 645 584 575 570 563 519 488 483 474 447 378 340 337 281 263 254 224 212 208 198 170 169 168 151 150 149 148 147 146 145 88 87 86 57 56 55 54 53 52 39 38 7 6 5 4 3 2
>  43 1037 981 956 929 829 704 676 654 634 594 534 519 488 483 430 408 398 367 311 212 203 199 170 169 168 123 122 121 120 119 118 117 116 94 93 92 91 90 89 57 56 55 54 53 52 17 10 9 8
>  44 617 529 479 444 200 197 101 100 99 98 97 96 95 85 84 83 82 81 80 79 78 12 11 1
>  45 672 645 575 281 254 208 198 151 150 149 148 147 146 145 88 87 86 39 38 7 6 5 4 3 2
>  46 1160 1145 1028 672 667 601 503 484 406 272 269 257 210 198 164 163 162 161 160 159 88 87 86 44 43 42 7 6 5 4 3 2
>  47 1198 1181 1142 1112 1065 1009 1002 1001 982 963 955 954 929 921 920 891 875 858 795 759 729 722 715 691 688 681 674 672 664 658 634 624 623 602 594 553 525 524 514 494 482 473 440 432 408 398 362 347 330 328 324 315 299 283 256 248 240 239 226 219 217 205 203 198 196 195 194 193 192 191 190 189 133 132 131 123 122 121 120 119 118 117 116 88 87 86 77 29 28 27 26 25 24 17 7 6 5 4 3 2
>  48 1214 1213 1209 1205 1203 1196 1194 1189 1186 1181 1175 1151 1144 1115 1112 1097 1084 1077 1076 1066 1051 1031 1030 1029 1025 1020 1006 1002 998 990 988 976 968 952 949 945 943 934 929 914 903 901 899 890 889 884 854 844 833 825 823 797 796 790 785 776 763 756 749 747 746 742 740 715 711 710 699 684 679 669 665 661 639 634 632 629 621 613 599 594 587 585 576 565 558 554 552 549 546 544 541 533 532 526 524 511 506 496 489 461 459 457 455 445 437 427 420 413 412 408 405 398 397 388 387 379 361 351 349 344 321 286 283 275 258 256 255 252 242 240 235 226 215 213 205 203 202 184 183 182 178 177 176 175 174 173 172 171 133 132 131 130 123 122 121 120 119 118 117 116 115 114 113 112 111 110 109 108 71 70 69 68 67 66 59 28 27 26 25 24 17 16
>  49 201 107 106 105 104 103 102 15 14 13
>  50 1208 1205 1203 1188 1185 1180 1178 1174 1170 1167 1163 1155 1154 1149 1146 1140 1139 1131 1124 1123 1120 1110 1102 1093 1084 1072 1071 1070 1068 1064 1063 1058 1054 1052 1051 1036 1026 1025 1024 1023 1022 1018 1014 1013 1012 1011 1007 1006 1003 989 987 983 980 979 978 976 975 969 960 947 939 936 933 928 919 918 917 916 915 913 903 899 897 888 865 862 860 836 834 829 828 810 797 791 790 771 770 767 764 758 749 747 743 741 733 727 726 724 719 717 715 711 703 699 690 686 679 675 669 663 661 649 648 638 633 631 629 623 616 613 599 596 589 586 585 584 581 580 579 574 570 568 558 557 554 548 546 544 527 521 519 510 509 506 505 489 488 486 483 478 477 470 468 465 463 447 442 431 428 422 414 407 405 402 395 391 387 385 378 377 374 373 363 361 348 344 342 340 339 337 334 333 321 307 291 287 283 281 279 278 277 275 256 253 252 248 233 213 212 208 205 202 201 178 177 176 175 174 173 172 171 170 169 168 167 151 150 149 148 147 146 145 133 132 131 115 114 113 112 111 110 109 108 107 106 105 104 103 102 59 57 56 55 54 53 52 39 38 29 28 27 26 25 24 16 15 14 13
>  51 1181 1112 1065 1009 1002 1001 954 929 891 795 715 674 658 634 624 623 594 553 524 482 473 408 398 347 330 315 299 283 256 248 240 226 217 205 203 196 195 194 193 192 191 190 189 133 132 131 123 122 121 120 119 118 117 116 77 29 28 27 26 25 24 17
>  52 1208 1187 1178 1167 1158 1154 1146 1133 1119 1118 1108 1102 1058 1042 1033 1023 1015 1014 1013 989 984 980 969 961 960 959 942 936 928 925 916 892 888 870 869 860 853 845 829 808 793 782 767 719 717 703 690 686 679 672 663 662 652 648 645 633 627 586 585 584 580 575 574 570 568 563 527 521 519 510 509 493 488 486 483 477 474 447 402 395 378 377 363 359 357 348 340 337 307 291 281 279 263 254 233 224 213 212 208 201 198 178 177 176 175 174 173 172 171 170 169 168 151 150 149 148 147 146 145 107 106 105 104 103 102 88 87 86 59 57 56 55 54 53 52 39 38 15 14 13 7 6 5 4 3 2
>  53 1217 1170 1166 1140 1090 1086 1083 1069 1060 1057 1050 1047 1045 1013 997 974 932 897 872 862 859 840 836 831 829 826 802 792 791 769 764 758 754 727 715 703 689 663 649 620 617 614 603 596 584 579 578 570 551 540 528 519 505 488 483 480 462 447 444 442 431 415 393 378 374 340 337 320 310 287 283 282 281 277 256 253 225 220 212 208 205 197 170 169 168 151 150 149 148 147 146 145 133 132 131 130 85 84 83 82 81 80 79 78 57 56 55 54 53 52 39 38 28 27 26 25 24 1
>  54 1214 1209 1202 1198 1195 1183 1161 1136 1107 1106 1096 1092 1077 1055 1046 1041 1039 996 990 988 985 982 952 938 929 924 921 914 908 906 905 901 900 890 887 883 868 856 852 851 823 815 809 807 797 785 783 775 774 763 761 760 759 756 751 731 730 710 708 700 695 694 693 692 687 684 683 680 672 669 651 644 641 634 618 617 612 606 597 594 593 587 583 573 572 567 565 560 559 554 552 549 547 535 532 530 525 516 514 511 504 500 498 489 472 471 464 451 448 445 444 443 423 418 416 408 400 399 398 389 388 384 383 379 376 372 368 366 351 329 328 324 312 304 288 286 285 276 270 265 262 260 247 243 242 238 227 222 218 215 214 206 203 202 198 197 184 183 182 181 180 179 137 136 135 134 123 122 121 120 119 118 117 116 115 114 113 112 111 110 109 108 88 87 86 85 84 83 82 81 80 79 78 71 70 69 68 67 66 65 64 63 62 61 60 35 34 33 32 31 17 16 7 6 5 4 3 2 1
>  55 1005 761 736 716 708 679 672 655 651 608 606 595 591 585 573 547 520 502 475 472 418 359 288 262 223 218 214 213 198 181 180 179 178 177 176 175 174 173 172 171 88 87 86 65 64 63 62 61 60 59 7 6 5 4 3 2
>  56 829 672 662 652 563 519 488 483 474 263 224 212 198 170 169 168 167 88 87 86 57 56 55 54 53 52 7 6 5 4 3 2
>  57 1158 1133 1108 1013 869 853 829 808 703 672 663 662 652 645 584 575 570 563 519 488 483 474 447 378 340 337 281 263 254 224 212 208 198 170 169 168 151 150 149 148 147 146 145 88 87 86 57 56 55 54 53 52 39 38 7 6 5 4 3 2
>  58 901 710 606 573 565 549 532 511 472 375 288 262 215 214 204 184 183 182 181 180 179 127 126 125 71 70 69 68 67 66 65 64 63 62 61 60 23 22 21 20 19 18
>  59 672 198 88 87 86 7 6 5 4 3 2
>  60 1198 985 982 929 921 759 692 680 672 634 594 567 525 514 448 408 398 366 328 324 304 285 206 203 198 137 136 135 134 123 122 121 120 119 118 117 116 88 87 86 35 34 33 32 31 17 7 6 5 4 3 2
>  61 1202 1116 985 973 944 873 797 750 734 698 692 680 672 670 669 641 619 593 567 556 554 536 531 498 489 448 384 369 366 327 318 312 309 304 285 276 270 238 231 222 207 206 202 198 144 143 142 141 140 139 138 137 136 135 134 115 114 113 112 111 110 109 108 88 87 86 37 36 35 34 33 32 31 16 7 6 5 4 3 2
>  62 1214 1213 1205 1203 1202 1199 1196 1194 1189 1176 1175 1162 1147 1144 1132 1122 1115 1101 1097 1096 1084 1076 1066 1055 1051 1041 1031 1030 1025 1020 1010 1006 976 966 953 952 945 941 934 905 903 901 899 890 889 884 868 844 841 835 819 809 807 797 790 768 762 756 749 747 742 738 715 711 710 699 695 693 680 679 669 661 659 641 639 632 629 621 613 599 593 585 577 576 565 558 554 549 546 544 532 526 516 511 506 498 489 469 461 455 438 437 420 419 413 412 405 400 388 387 379 372 361 349 344 321 301 286 283 276 275 265 260 258 256 255 252 242 238 237 235 232 215 213 206 205 202 184 183 182 178 177 176 175 174 173 172 171 137 136 135 134 133 132 131 130 115 114 113 112 111 110 109 108 71 70 69 68 67 66 59 35 34 33 32 31 28 27 26 25 24 16
>  63
>  64 797 672 669 554 489 384 312 270 222 202 198 115 114 113 112 111 110 109 108 88 87 86 16 7 6 5 4 3 2
>  65 1219 1218 1192 1073 1065 1059 1009 954 891 795 715 674 658 623 606 605 573 564 553 497 482 472 365 347 315 299 288 284 283 262 256 248 217 214 205 196 195 194 193 192 191 190 189 181 180 179 133 132 131 77 65 64 63 62 61 60 29 28 27 26 25 24
>  66 1197 1156 1021 704 679 672 637 625 600 592 590 585 562 434 403 386 359 325 313 271 213 199 198 178 177 176 175 174 173 172 171 94 93 92 91 90 89 88 87 86 59 10 9 8 7 6 5 4 3 2
>  67 1183 1079 1051 1050 1039 1025 894 885 848 820 797 777 715 711 687 669 661 644 623 620 617 554 550 528 504 489 471 465 462 446 444 415 387 376 368 345 338 283 256 248 243 220 205 202 197 133 132 131 130 129 128 115 114 113 112 111 110 109 108 85 84 83 82 81 80 79 78 29 28 27 26 25 24 16 1
>  68 1214 1213 1209 1205 1203 1197 1196 1194 1189 1186 1181 1175 1171 1169 1151 1144 1115 1112 1111 1097 1089 1084 1081 1080 1077 1076 1066 1056 1051 1031 1030 1029 1025 1021 1020 1006 1002 998 990 988 976 968 952 949 945 943 934 931 929 914 903 901 899 890 889 884 854 844 833 825 823 797 796 790 785 776 763 756 749 748 747 746 742 740 715 711 710 709 704 701 699 684 679 669 665 661 639 635 634 632 629 622 621 613 599 594 592 590 587 585 576 565 562 558 554 552 549 546 544 541 533 532 526 524 518 517 511 506 496 492 489 481 461 459 457 455 445 437 434 427 420 413 412 408 405 398 397 388 387 382 379 361 351 349 344 321 313 286 283 275 271 268 258 256 255 252 246 242 240 235 226 215 213 205 203 202 199 184 183 182 178 177 176 175 174 173 172 171 133 132 131 130 123 122 121 120 119 118 117 116 115 114 113 112 111 110 109 108 94 93 92 91 90 89 71 70 69 68 67 66 59 28 27 26 25 24 17 16 10 9 8
>  69
>  70 1198 1195 1136 1091 1061 996 982 938 929 921 887 880 856 847 815 801 783 779 775 774 759 753 721 694 672 666 634 617 612 607 597 594 583 561 559 525 514 507 500 451 444 443 429 423 411 410 409 408 398 383 375 364 329 328 324 305 303 280 250 241 204 203 198 197 127 126 125 123 122 121 120 119 118 117 116 88 87 86 85 84 83 82 81 80 79 78 23 22 21 20 19 18 17 7 6 5 4 3 2 1
>  71 1115 1092 1020 901 710 700 679 672 639 621 585 565 549 532 511 464 437 416 413 399 359 349 235 215 213 198 184 183 182 178 177 176 175 174 173 172 171 88 87 86 71 70 69 68 67 66 59 7 6 5 4 3 2
>  72 1208 1205 1203 1191 1180 1174 1170 1154 1139 1131 1124 1114 1102 1093 1084 1071 1070 1068 1064 1054 1051 1036 1025 1022 1012 1011 1007 1006 979 978 976 922 919 918 917 915 913 903 899 888 867 865 860 834 829 828 810 797 790 770 749 747 743 727 726 719 717 715 713 711 699 690 679 675 669 661 638 633 629 623 613 599 589 585 581 580 579 558 554 546 544 527 519 510 509 506 505 489 488 483 478 477 470 468 465 414 405 402 391 387 385 377 363 361 348 344 342 339 334 333 321 307 291 287 283 279 278 275 256 253 252 248 233 213 212 205 202 201 178 177 176 175 174 173 172 171 170 169 168 167 133 132 131 130 115 114 113 112 111 110 109 108 107 106 105 104 103 102 59 57 56 55 54 53 52 30 29 28 27 26 25 24 16 15 14 13
>  73 679 672 585 359 213 198 178 177 176 175 174 173 172 171 88 87 86 59 7 6 5 4 3 2
>  74 1208 1187 1178 1158 1146 1133 1119 1108 1042 1023 1015 1013 989 961 960 942 936 928 916 892 869 853 845 829 808 793 767 717 703 690 686 679 672 663 662 652 645 586 585 584 580 575 574 570 568 563 521 519 510 509 488 486 483 474 447 395 378 359 340 337 281 279 263 254 224 213 212 208 198 178 177 176 175 174 173 172 171 170 169 168 151 150 149 148 147 146 145 88 87 86 59 57 56 55 54 53 52 39 38 7 6 5 4 3 2
>  75 1192 1135 1059 715 626 606 605 573 564 550 497 472 365 288 262 256 214 205 181 180 179 133 132 131 130 129 128 65 64 63 62 61 60 26 25 24
>  76 1146 989 960 928 767 686 679 586 585 574 568 521 486 395 281 213 208 178 177 176 175 174 173 172 171 151 150 149 148 147 146 145 59 39 38
>  77 1198 1160 1145 1028 982 929 921 759 672 667 634 601 594 525 514 503 484 408 406 398 328 324 272 269 257 210 203 198 164 163 162 161 160 159 123 122 121 120 119 118 117 116 88 87 86 44 43 42 17 7 6 5 4 3 2
>  78 672 198 88 87 86 7 6 5 4 3 2
>  79 1203 986 976 899 797 747 679 672 669 585 558 554 546 489 405 384 359 312 275 270 252 222 213 202 198 178 177 176 175 174 173 172 171 115 114 113 112 111 110 109 108 88 87 86 59 16 7 6 5 4 3 2
>  80 1179 1103 679 672 604 585 507 375 359 280 250 241 236 213 204 198 178 177 176 175 174 173 172 171 127 126 125 88 87 86 59 23 22 21 20 19 18 7 6 5 4 3 2
>  81 1208 1178 1146 1110 1023 1013 989 960 936 928 916 829 767 717 703 690 686 679 663 586 585 584 580 574 570 568 521 519 510 509 488 486 483 447 407 395 378 340 337 281 279 213 212 208 178 177 176 175 174 173 172 171 170 169 168 167 151 150 149 148 147 146 145 59 57 56 55 54 53 52 39 38
>  82 1198 1160 1145 1028 982 929 921 759 672 667 634 601 594 525 514 503 484 408 406 398 328 324 272 269 257 210 203 198 164 163 162 161 160 159 123 122 121 120 119 118 117 116 88 87 86 44 43 42 17 7 6 5 4 3 2
>  83 1164 902 679 672 585 529 479 467 426 359 323 273 213 200 198 178 177 176 175 174 173 172 171 101 100 99 98 97 96 95 88 87 86 59 12 11 7 6 5 4 3 2
>  84 1208 1178 1167 1154 1146 1110 1102 1072 1058 1023 1014 1013 989 980 969 960 936 928 916 888 860 829 767 719 717 703 690 686 679 663 648 633 586 585 584 580 574 570 568 527 521 519 510 509 488 486 483 477 447 407 402 395 378 377 363 348 340 337 307 291 281 279 233 213 212 208 201 178 177 176 175 174 173 172 171 170 169 168 167 151 150 149 148 147 146 145 107 106 105 104 103 102 59 57 56 55 54 53 52 39 38 15 14 13
>  85 1055 905 901 868 710 695 693 680 565 549 532 516 511 400 372 265 260 215 206 184 183 182 137 136 135 134 71 70 69 68 67 66 35 34 33 32 31
>  86 1138 734 698 682 670 606 573 571 490 472 354 318 288 266 262 214 207 201 181 180 179 144 143 142 141 140 139 138 107 106 105 104 103 102 65 64 63 62 61 60 37 36 15 14 13
>  87 679 672 585 359 213 198 178 177 176 175 174 173 172 171 88 87 86 59 7 6 5 4 3 2
>  88 1164 902 679 672 585 529 479 467 426 359 323 273 213 200 198 178 177 176 175 174 173 172 171 101 100 99 98 97 96 95 88 87 86 59 12 11 7 6 5 4 3 2
>  89 1198 982 973 929 921 759 734 698 672 670 657 634 609 594 536 531 525 514 466 408 401 398 380 350 336 328 324 318 309 264 244 209 207 203 198 158 157 156 155 154 153 152 144 143 142 141 140 139 138 123 122 121 120 119 118 117 116 88 87 86 41 40 37 36 17 7 6 5 4 3 2
>  90
>  91 1164 902 672 529 479 467 426 323 273 200 198 101 100 99 98 97 96 95 88 87 86 12 11 7 6 5 4 3 2
>  92 1164 902 679 672 585 529 479 467 426 359 323 273 213 200 198 178 177 176 175 174 173 172 171 101 100 99 98 97 96 95 88 87 86 59 12 11 7 6 5 4 3 2
>  93 1208 1187 1178 1158 1146 1133 1119 1108 1042 1023 1015 1013 989 961 960 942 936 928 916 892 869 853 845 829 808 793 767 717 703 690 686 679 672 663 662 652 645 586 585 584 580 575 574 570 568 563 521 519 510 509 488 486 483 474 447 395 378 359 340 337 281 279 263 254 224 213 212 208 198 178 177 176 175 174 173 172 171 170 169 168 151 150 149 148 147 146 145 88 87 86 59 57 56 55 54 53 52 39 38 7 6 5 4 3 2
>  94 1208 1205 1170 1142 1131 1124 1084 1071 1042 1015 1007 979 963 942 930 915 903 892 875 858 829 793 790 781 749 727 717 715 699 691 690 679 672 664 662 652 629 623 613 599 585 580 579 563 544 510 509 506 505 488 483 474 468 440 432 391 362 361 359 344 333 321 287 283 279 263 256 253 248 239 224 213 212 205 198 178 177 176 175 174 173 172 171 170 169 168 167 133 132 131 88 87 86 59 56 55 54 53 52 29 28 27 26 25 24 7 6 5 4 3 2
>  95 1207 1198 1191 1181 1142 1113 1112 1109 1085 1012 1002 982 963 929 925 921 920 913 875 864 861 858 857 824 800 773 759 715 713 691 675 672 664 638 634 627 594 581 541 525 524 514 495 493 478 470 457 441 440 433 432 408 398 362 357 339 328 324 283 278 274 256 240 239 226 205 203 201 198 133 132 131 130 123 122 121 120 119 118 117 116 107 106 105 104 103 102 88 87 86 28 27 26 25 24 17 15 14 13 7 6 5 4 3 2
>  96 1205 1203 1124 1084 1051 1025 1006 976 903 899 797 790 749 747 715 711 699 679 669 661 629 623 613 599 585 558 554 546 544 506 489 468 465 405 387 361 344 321 283 275 256 252 248 213 205 202 178 177 176 175 174 173 172 171 133 132 131 115 114 113 112 111 110 109 108 59 29 28 27 26 25 24 16
>  97 672 198 88 87 86 7 6 5 4 3 2
>  98 1187 1146 1119 989 961 960 928 845 767 686 679 672 645 586 585 575 574 568 521 486 395 359 281 254 213 208 198 178 177 176 175 174 173 172 171 151 150 149 148 147 146 145 88 87 86 59 39 38 7 6 5 4 3 2
>  99 1195 1142 1136 1065 1050 1009 996 963 955 954 938 891 875 858 856 795 783 774 729 722 715 694 691 688 681 674 672 664 658 623 620 617 612 602 583 559 553 528 500 494 482 462 444 443 441 440 432 415 383 362 347 345 315 299 283 256 248 239 220 219 217 205 198 197 196 195 194 193 192 191 190 189 133 132 131 130 88 87 86 85 84 83 82 81 80 79 78 77 29 28 27 26 25 24 7 6 5 4 3 2 1
>  100 1208 1178 1172 1165 1151 1146 1130 1126 1110 1100 1099 1087 1044 1037 1023 1013 994 989 981 968 960 956 943 936 929 928 927 916 871 833 829 822 776 767 746 717 703 697 690 686 679 676 665 663 654 634 594 586 585 584 580 574 570 568 534 533 521 519 510 509 496 488 487 486 483 459 447 439 430 427 408 407 398 397 395 378 367 340 337 322 311 308 281 279 251 234 213 212 208 203 178 177 176 175 174 173 172 171 170 169 168 167 151 150 149 148 147 146 145 123 122 121 120 119 118 117 116 59 57 56 55 54 53 52 39 38 17
>  101 1209 1208 1205 1203 1186 1181 1172 1170 1151 1131 1126 1112 1099 1084 1071 1051 1037 1029 1025 1006 1002 998 981 976 968 956 949 943 929 922 915 914 903 899 867 865 854 834 833 829 828 825 797 796 790 785 776 763 749 747 746 740 727 717 715 711 699 690 684 679 676 669 665 661 654 634 629 613 599 594 589 587 585 580 579 558 554 552 546 544 541 534 533 524 519 510 509 506 505 496 489 488 483 459 457 430 427 408 405 398 397 387 385 367 361 344 321 311 287 283 279 275 256 253 252 240 226 213 212 205 203 202 178 177 176 175 174 173 172 171 170 169 168 133 132 131 130 123 122 121 120 119 118 117 116 115 114 113 112 111 110 109 108 59 57 56 55 54 53 52 28 27 26 25 24 17 16
>  102 1198 982 929 921 759 672 634 594 525 514 408 398 328 324 203 198 123 122 121 120 119 118 117 116 88 87 86 17 7 6 5 4 3 2
>  103 1212 1195 1183 1161 1155 1136 1117 1039 1032 1026 996 972 939 938 935 908 898 856 797 789 783 774 760 751 733 720 694 689 687 672 669 645 644 631 617 616 612 583 575 559 554 551 548 504 500 489 471 463 444 443 428 422 384 383 376 373 368 320 312 310 281 270 254 243 222 208 202 198 197 151 150 149 148 147 146 145 115 114 113 112 111 110 109 108 88 87 86 85 84 83 82 81 80 79 78 39 38 16 7 6 5 4 3 2 1
>  104 1195 1164 1136 996 938 902 856 783 774 694 672 617 612 583 559 529 500 479 467 444 443 426 383 323 273 200 198 197 101 100 99 98 97 96 95 88 87 86 85 84 83 82 81 80 79 78 12 11 7 6 5 4 3 2 1
>  105 1145 1055 905 901 868 710 695 693 680 674 565 549 532 516 511 484 406 400 372 315 272 269 265 260 217 215 210 206 196 195 194 193 192 191 190 189 184 183 182 164 163 162 161 160 159 137 136 135 134 77 71 70 69 68 67 66 44 43 42 35 34 33 32 31
>  106
>  107 1198 982 929 921 759 672 634 594 525 514 408 398 328 324 203 198 123 122 121 120 119 118 117 116 88 87 86 17 7 6 5 4 3 2
>  108 1208 1178 1146 1110 1023 1013 989 960 936 928 916 829 767 717 703 690 686 679 663 586 585 584 580 574 570 568 521 519 510 509 488 486 483 447 407 395 378 340 337 281 279 213 212 208 178 177 176 175 174 173 172 171 170 169 168 167 151 150 149 148 147 146 145 59 57 56 55 54 53 52 39 38
>  109 1160 1145 1028 672 667 601 503 484 406 272 269 257 210 198 164 163 162 161 160 159 88 87 86 44 43 42 7 6 5 4 3 2
>  110 1215 1210 1208 1207 1178 1172 1167 1165 1154 1151 1146 1130 1126 1110 1102 1100 1099 1087 1072 1058 1044 1037 1023 1014 1013 994 989 981 980 969 968 960 956 948 943 936 929 928 927 923 916 888 871 860 833 829 822 776 767 746 735 719 717 703 697 690 686 679 676 665 663 654 648 634 633 594 586 585 584 580 574 570 568 534 533 527 521 519 510 509 496 495 488 487 486 483 477 459 447 439 433 430 427 408 407 402 398 397 395 378 377 367 363 348 340 337 322 311 308 307 291 281 279 274 251 234 233 213 212 208 203 201 178 177 176 175 174 173 172 171 170 169 168 167 151 150 149 148 147 146 145 123 122 121 120 119 118 117 116 107 106 105 104 103 102 59 57 56 55 54 53 52 39 38 17 15 14 13
>  111 1205 1167 1163 1146 1140 1124 1123 1084 1070 1052 1018 1012 989 987 983 975 960 947 933 928 913 903 897 862 860 791 790 767 758 749 724 715 699 686 679 675 649 648 638 629 623 613 599 596 586 585 581 574 568 557 544 521 506 486 478 477 470 468 442 431 402 395 374 361 348 344 339 321 307 291 283 281 278 277 256 248 233 213 208 205 201 178 177 176 175 174 173 172 171 151 150 149 148 147 146 145 133 132 131 107 106 105 104 103 102 59 39 38 29 28 27 26 25 24 15 14 13
>  112 929 634 594 408 398 203 123 122 121 120 119 118 117 116 17
>  113 1215 1214 1213 1210 1209 1207 1205 1203 1196 1194 1191 1189 1186 1181 1180 1175 1151 1144 1139 1115 1112 1109 1097 1093 1084 1077 1076 1070 1066 1051 1036 1031 1030 1029 1025 1022 1020 1012 1006 1002 998 990 988 978 976 968 952 949 948 945 943 934 929 923 914 913 903 901 899 890 889 884 864 860 857 854 844 833 825 824 823 800 797 796 790 785 776 763 756 749 747 746 743 742 740 735 715 713 711 710 699 684 679 675 669 665 661 639 638 634 632 629 621 613 599 594 587 585 581 576 565 558 554 552 549 546 544 541 533 532 526 524 511 506 496 495 489 478 477 470 461 459 457 455 445 437 433 427 420 414 413 412 408 405 402 398 397 388 387 379 361 351 349 348 344 342 339 334 321 307 291 286 283 278 275 274 258 256 255 252 242 240 235 233 226 215 213 205 203 202 201 184 183 182 178 177 176 175 174 173 172 171 133 132 131 130 123 122 121 120 119 118 117 116 115 114 113 112 111 110 109 108 107 106 105 104 103 102 71 70 69 68 67 66 59 28 27 26 25 24 17 16 15 14 13
>  114 672 645 575 281 254 208 198 151 150 149 148 147 146 145 88 87 86 39 38 7 6 5 4 3 2
>  115 1142 973 964 963 937 875 858 787 734 715 698 691 672 670 664 536 531 522 476 441 440 436 432 394 362 318 309 296 292 283 256 239 207 205 198 144 143 142 141 140 139 138 133 132 131 130 88 87 86 37 36 28 27 26 25 24 7 6 5 4 3 2
>  116 1215 1210 1208 1207 1178 1172 1167 1165 1154 1151 1146 1130 1126 1110 1102 1100 1099 1087 1072 1058 1044 1037 1023 1014 1013 994 989 981 980 969 968 960 956 948 943 936 929 928 927 923 916 888 871 860 833 829 822 776 767 746 735 719 717 703 697 690 686 679 676 665 663 654 648 634 633 594 586 585 584 580 574 570 568 534 533 527 521 519 510 509 496 495 488 487 486 483 477 459 447 439 433 430 427 408 407 402 398 397 395 378 377 367 363 348 340 337 322 311 308 307 291 281 279 274 251 234 233 213 212 208 203 201 178 177 176 175 174 173 172 171 170 169 168 167 151 150 149 148 147 146 145 123 122 121 120 119 118 117 116 107 106 105 104 103 102 59 57 56 55 54 53 52 39 38 17 15 14 13
>  117 1198 1164 1151 1017 982 968 943 929 921 911 902 833 814 776 759 746 679 672 665 634 594 585 533 529 525 514 496 479 467 459 427 426 408 398 397 359 328 324 323 273 213 203 200 198 178 177 176 175 174 173 172 171 123 122 121 120 119 118 117 116 101 100 99 98 97 96 95 88 87 86 59 17 12 11 7 6 5 4 3 2
>  118 1205 1163 1146 1140 1124 1084 1052 989 987 983 975 960 933 928 903 897 862 791 790 767 758 749 724 715 699 686 679 649 629 623 613 599 596 586 585 574 568 557 544 521 506 486 468 442 431 395 374 361 344 321 283 281 277 256 248 213 208 205 178 177 176 175 174 173 172 171 151 150 149 148 147 146 145 133 132 131 59 39 38 29 28 27 26 25 24
>  119 1206 1198 1165 982 962 929 927 921 893 871 830 822 759 697 672 645 634 594 575 525 514 487 439 408 398 328 324 322 308 281 254 251 234 208 203 198 151 150 149 148 147 146 145 123 122 121 120 119 118 117 116 88 87 86 39 38 17 7 6 5 4 3 2
>  120 1203 976 899 797 747 679 669 585 558 554 546 489 405 275 252 213 202 178 177 176 175 174 173 172 171 115 114 113 112 111 110 109 108 59 16
>  121 1214 1213 1205 1203 1202 1199 1196 1194 1189 1176 1175 1162 1147 1144 1132 1122 1115 1101 1097 1096 1084 1076 1066 1055 1051 1041 1031 1030 1025 1020 1010 1006 976 966 953 952 945 941 934 905 903 901 899 890 889 884 868 844 841 835 819 809 807 797 790 768 762 756 749 747 742 738 715 711 710 699 695 693 680 679 669 661 659 641 639 632 629 621 613 599 593 585 577 576 565 558 554 549 546 544 532 526 516 511 506 498 489 469 461 455 438 437 420 419 413 412 405 400 388 387 379 372 361 349 344 321 301 286 283 276 275 265 260 258 256 255 252 242 238 237 235 232 215 213 206 205 202 184 183 182 178 177 176 175 174 173 172 171 137 136 135 134 133 132 131 130 115 114 113 112 111 110 109 108 71 70 69 68 67 66 59 35 34 33 32 31 28 27 26 25 24 16
>  122 1191 1170 1154 1114 1068 1064 1054 1012 1011 919 913 829 810 770 727 726 715 713 675 638 581 579 527 505 488 483 478 470 391 377 363 339 287 283 278 256 253 212 205 201 170 169 168 167 133 132 131 130 107 106 105 104 103 102 55 54 53 52 28 27 26 25 24 15 14 13
>  123 1209 1207 1181 1180 1174 1139 1112 1109 1093 1051 1025 1012 1002 1001 929 914 913 864 857 854 824 800 797 785 763 743 715 711 684 675 669 661 638 634 624 623 594 587 581 554 552 524 495 489 478 473 470 465 433 414 408 398 387 342 339 334 330 283 278 274 256 248 240 226 205 203 202 201 133 132 131 123 122 121 120 119 118 117 116 115 114 113 112 111 110 109 108 107 106 105 104 103 102 29 28 27 26 25 24 17 16 15 14 13
>  124
>  125 734 698 670 460 375 318 207 204 144 143 142 141 140 139 138 127 126 125 124 37 36 22 21 20 19 18
>  126 1122 680 679 673 617 585 529 523 479 469 444 419 346 301 213 206 200 197 178 177 176 175 174 173 172 171 137 136 135 134 101 100 99 98 97 96 95 85 84 83 82 81 80 79 78 59 35 34 33 32 31 12 11 1
>  127 1214 1213 1209 1205 1203 1202 1199 1196 1194 1189 1186 1181 1176 1175 1162 1151 1147 1144 1132 1122 1115 1112 1101 1097 1096 1084 1077 1076 1066 1055 1051 1041 1031 1030 1029 1025 1020 1010 1006 1002 998 990 988 976 968 966 953 952 949 945 943 941 934 929 914 905 903 901 899 890 889 884 868 854 844 841 835 833 825 823 819 809 807 797 796 790 785 776 768 763 762 756 749 747 746 742 740 738 715 711 710 699 695 693 684 680 679 669 665 661 659 641 639 634 632 629 621 613 599 594 593 587 585 577 576 565 558 554 552 549 546 544 541 533 532 526 524 516 511 506 498 496 489 469 461 459 457 455 445 438 437 427 420 419 413 412 408 405 400 398 397 388 387 379 372 361 351 349 344 321 301 286 283 276 275 265 260 258 256 255 252 242 240 238 237 235 232 226 215 213 206 205 203 202 184 183 182 178 177 176 175 174 173 172 171 137 136 135 134 133 132 131 130 123 122 121 120 119 118 117 116 115 114 113 112 111 110 109 108 71 70 69 68 67 66 59 35 34 33 32 31 28 27 26 25 24 17 16
>  128 1181 1112 1002 1001 929 715 634 624 623 594 524 473 408 398 330 283 256 248 240 226 205 203 133 132 131 123 122 121 120 119 118 117 116 29 28 27 26 25 24 17
>  129 1214 1213 1205 1203 1196 1194 1189 1175 1144 1115 1097 1084 1076 1066 1051 1031 1030 1025 1020 1006 976 952 945 934 903 901 899 890 889 884 844 797 790 756 749 747 742 715 711 710 699 679 669 661 639 632 629 621 613 599 585 576 565 558 554 549 546 544 532 526 511 506 489 461 455 437 420 413 412 405 388 387 379 361 349 344 321 286 283 275 258 256 255 252 242 235 215 213 205 202 184 183 182 178 177 176 175 174 173 172 171 133 132 131 130 115 114 113 112 111 110 109 108 71 70 69 68 67 66 59 28 27 26 25 24 16
>  130 964 787 734 715 698 670 550 522 476 436 394 318 296 292 283 256 207 205 144 143 142 141 140 139 138 133 132 131 130 129 128 37 36 28 27 26 25 24
>  131 672 198 88 87 86 7 6 5 4 3 2
>  132 1116 944 873 797 750 734 698 670 669 619 556 554 489 369 327 318 231 207 202 144 143 142 141 140 139 138 115 114 113 112 111 110 109 108 37 36 16
>  133 1197 1156 1021 704 679 672 637 625 600 592 590 585 562 434 403 386 359 325 313 271 213 199 198 178 177 176 175 174 173 172 171 94 93 92 91 90 89 88 87 86 59 10 9 8 7 6 5 4 3 2
>  134 1208 1178 1146 1110 1023 1013 989 960 936 928 916 829 767 717 703 690 686 679 663 586 585 584 580 574 570 568 521 519 510 509 488 486 483 447 407 395 378 340 337 281 279 213 212 208 178 177 176 175 174 173 172 171 170 169 168 167 151 150 149 148 147 146 145 59 57 56 55 54 53 52 39 38
>  135 925 672 627 493 357 201 198 107 106 105 104 103 102 88 87 86 15 14 13 7 6 5 4 3 2
>  136 1037 981 956 929 829 704 676 654 634 594 534 519 488 483 430 408 398 367 311 212 203 199 170 169 168 123 122 121 120 119 118 117 116 94 93 92 91 90 89 57 56 55 54 53 52 17 10 9 8
>  137 1201 1190 1177 1173 1171 1169 1152 1150 1142 1137 1121 1111 1104 1089 1088 1081 1080 1056 1053 1051 1043 1034 1025 1000 963 958 951 931 909 896 875 866 858 842 817 811 806 798 797 794 772 766 765 755 748 744 715 712 711 709 707 706 705 704 701 691 685 672 669 664 661 660 650 643 640 637 635 630 628 625 623 622 600 598 582 554 545 543 539 518 517 513 512 501 492 491 489 481 465 454 450 440 435 432 425 403 392 387 386 384 382 371 362 332 326 325 312 302 283 270 268 259 256 249 248 246 239 222 216 205 202 199 198 188 187 186 185 133 132 131 115 114 113 112 111 110 109 108 94 93 92 91 90 89 88 87 86 76 75 74 73 72 29 28 27 26 25 24 16 10 9 8 7 6 5 4 3 2
>  138 715 623 283 256 248 205 133 132 131 29 28 27 26 25 24
>  139 1164 902 672 529 479 467 426 323 273 200 198 101 100 99 98 97 96 95 88 87 86 12 11 7 6 5 4 3 2
>  140 901 710 565 549 532 511 460 375 215 204 184 183 182 127 126 125 124 71 70 69 68 67 66 22 21 20 19 18
>  141 1164 902 679 672 585 529 479 467 426 359 323 273 213 200 198 178 177 176 175 174 173 172 171 101 100 99 98 97 96 95 88 87 86 59 12 11 7 6 5 4 3 2
>  142 761 708 672 651 606 573 547 472 418 288 262 218 214 198 181 180 179 88 87 86 65 64 63 62 61 60 7 6 5 4 3 2
>  143 1217 1212 1195 1166 1158 1153 1136 1133 1108 1098 1057 1013 997 996 974 938 935 932 926 872 869 856 853 840 837 831 829 808 803 802 789 783 774 754 720 703 694 689 672 663 662 652 645 617 614 612 603 584 583 578 575 570 563 559 551 540 519 500 488 483 474 447 444 443 393 383 378 340 337 320 310 282 281 263 254 225 224 212 208 198 197 170 169 168 151 150 149 148 147 146 145 88 87 86 85 84 83 82 81 80 79 78 57 56 55 54 53 52 39 38 7 6 5 4 3 2 1
>  144 1203 986 976 899 797 747 679 672 669 657 609 585 558 554 546 489 466 405 401 384 380 359 350 336 312 275 270 264 252 244 222 213 209 202 198 178 177 176 175 174 173 172 171 158 157 156 155 154 153 152 115 114 113 112 111 110 109 108 88 87 86 59 41 40 16 7 6 5 4 3 2
>  145 1219 1218 1192 1142 1138 1135 1073 1059 973 965 964 963 937 895 875 858 850 804 787 761 734 715 708 698 691 682 672 670 664 651 626 606 605 573 571 564 547 536 531 522 497 490 476 472 441 440 436 432 418 394 365 362 354 318 309 296 292 288 284 283 266 262 256 239 218 214 207 205 198 181 180 179 144 143 142 141 140 139 138 133 132 131 130 88 87 86 65 64 63 62 61 60 37 36 28 27 26 25 24 7 6 5 4 3 2
>  146 1208 829 717 690 679 585 580 519 510 509 488 483 279 213 212 178 177 176 175 174 173 172 171 170 169 168 167 59 57 56 55 54 53 52
>  147 797 715 669 661 554 550 489 446 256 205 202 133 132 131 130 129 128 115 114 113 112 111 110 109 108 26 25 24 16
>  148 715 550 256 205 133 132 131 130 129 128 26 25 24
>  149 1214 1213 1209 1205 1203 1196 1194 1189 1186 1181 1175 1151 1144 1124 1115 1112 1097 1084 1077 1076 1066 1051 1031 1030 1029 1025 1020 1006 1002 1001 998 990 988 976 968 952 949 945 943 934 929 914 903 901 899 890 889 884 854 844 833 825 823 797 796 790 785 776 763 756 749 747 746 742 740 715 711 710 699 684 679 669 665 661 639 634 632 629 624 623 621 613 599 594 587 585 576 565 558 554 552 549 546 544 533 532 524 511 506 496 489 473 468 465 461 459 455 445 437 427 420 413 412 408 405 398 397 388 387 379 361 351 349 344 330 321 286 283 275 258 256 255 252 248 242 240 235 226 215 213 205 203 202 184 183 182 178 177 176 175 174 173 172 171 133 132 131 123 122 121 120 119 118 117 116 115 114 113 112 111 110 109 108 71 70 69 68 67 66 59 29 28 27 26 25 24 17 16
>  150 1092 1055 985 955 905 901 868 729 722 710 700 695 693 692 688 681 680 674 672 645 602 575 567 565 549 532 516 511 494 464 448 416 400 399 372 366 315 304 285 281 265 260 254 219 217 215 208 206 198 196 195 194 193 192 191 190 189 184 183 182 151 150 149 148 147 146 145 137 136 135 134 88 87 86 77 71 70 69 68 67 66 39 38 35 34 33 32 31 7 6 5 4 3 2
>  151 1170 829 727 715 579 519 505 488 483 287 283 256 253 212 205 170 169 168 133 132 131 130 57 56 55 54 53 52 28 27 26 25 24
>  152 715 283 256 205 133 132 131 130 28 27 26 25 24
>  153 1198 982 929 921 759 672 634 594 525 514 408 398 328 324 203 198 123 122 121 120 119 118 117 116 88 87 86 17 7 6 5 4 3 2
>  154 1208 1205 1197 1191 1170 1154 1131 1114 1111 1102 1089 1084 1081 1071 1070 1068 1064 1054 1021 1012 1011 931 922 919 918 915 913 903 888 867 860 829 810 790 770 749 748 727 726 719 717 715 713 704 701 699 690 679 675 638 633 629 622 613 599 592 590 585 581 580 579 562 544 527 519 518 517 510 509 506 505 488 483 481 478 477 470 434 402 391 382 377 363 361 348 344 339 321 313 307 291 287 283 279 278 271 256 253 246 233 213 212 205 201 199 178 177 176 175 174 173 172 171 170 169 168 167 133 132 131 130 107 106 105 104 103 102 94 93 92 91 90 89 59 57 56 55 54 53 52 28 27 26 25 24 15 14 13 10 9 8
>  155 704 672 645 637 625 600 575 403 386 325 281 254 208 199 198 151 150 149 148 147 146 145 94 93 92 91 90 89 88 87 86 39 38 10 9 8 7 6 5 4 3 2
>  156 1055 905 901 868 710 695 693 680 565 549 532 516 511 400 372 265 260 215 206 184 183 182 137 136 135 134 71 70 69 68 67 66 35 34 33 32 31
>  157 715 283 256 205 133 132 131 130 28 27 26 25 24
>  158 1208 1205 1203 1182 1170 1142 1134 1131 1124 1084 1071 1051 1042 1025 1015 1007 1006 1000 986 979 976 963 942 930 922 915 903 899 892 875 874 867 866 865 858 834 829 828 806 799 797 793 790 784 781 757 749 747 727 717 715 711 699 691 690 679 672 669 664 662 661 652 629 623 613 599 589 585 580 579 563 558 554 546 544 519 510 509 506 505 489 488 483 474 468 465 441 440 432 405 387 385 384 362 361 359 344 333 321 312 287 283 279 275 270 263 256 253 252 248 239 224 222 213 212 205 202 198 178 177 176 175 174 173 172 171 170 169 168 133 132 131 130 115 114 113 112 111 110 109 108 88 87 86 59 57 56 55 54 53 52 29 28 27 26 25 24 16 7 6 5 4 3 2
>  159 672 198 88 87 86 7 6 5 4 3 2
>  160 1037 981 956 929 829 704 676 654 634 594 534 519 488 483 430 408 398 367 311 212 203 199 170 169 168 123 122 121 120 119 118 117 116 94 93 92 91 90 89 57 56 55 54 53 52 17 10 9 8
>  161 1208 1203 1188 1187 1182 1178 1158 1155 1146 1134 1133 1120 1119 1108 1042 1026 1023 1015 1013 989 986 976 961 960 942 939 936 928 916 899 898 892 874 869 865 853 845 834 829 828 808 799 797 793 767 757 747 733 717 703 690 686 679 672 669 663 662 652 645 631 616 589 586 585 584 580 575 574 570 568 563 558 554 548 546 521 519 510 509 489 488 486 483 474 463 447 428 422 405 395 385 384 378 373 359 340 337 312 281 279 275 270 263 254 252 224 222 213 212 208 202 198 178 177 176 175 174 173 172 171 170 169 168 151 150 149 148 147 146 145 115 114 113 112 111 110 109 108 88 87 86 59 57 56 55 54 53 52 39 38 16 7 6 5 4 3 2
>  162 1208 1205 1203 1188 1187 1185 1182 1178 1170 1163 1158 1155 1146 1142 1140 1134 1133 1131 1124 1120 1119 1108 1084 1071 1063 1052 1051 1042 1026 1025 1023 1015 1013 1007 1006 1003 1000 989 987 986 983 979 976 975 963 961 960 942 939 936 933 930 928 916 915 903 899 898 897 892 875 874 869 866 865 862 858 853 849 845 836 834 829 828 808 806 799 797 793 791 790 781 771 767 764 758 757 749 747 741 733 727 724 717 715 711 703 699 691 690 686 679 672 669 664 663 662 661 652 649 645 631 629 623 616 613 599 596 589 586 585 584 580 579 575 574 570 568 563 558 557 554 548 546 544 521 519 510 509 506 505 489 488 486 483 474 468 465 463 447 442 440 432 431 428 422 405 395 387 385 384 378 374 373 362 361 359 344 340 337 333 321 312 287 283 281 279 277 275 270 263 256 254 253 252 248 239 224 222 213 212 208 205 202 198 178 177 176 175 174 173 172 171 170 169 168 151 150 149 148 147 146 145 133 132 131 115 114 113 112 111 110 109 108 88 87 86 59 57 56 55 54 53 52 39 38 29 28 27 26 25 24 16 7 6 5 4 3 2
>  163 1055 905 901 868 710 695 693 680 674 565 549 532 516 511 400 372 315 265 260 217 215 206 196 195 194 193 192 191 190 189 184 183 182 137 136 135 134 77 71 70 69 68 67 66 35 34 33 32 31
>  164 1214 1213 1209 1205 1203 1196 1194 1189 1186 1181 1175 1151 1144 1115 1112 1097 1084 1077 1076 1066 1051 1031 1030 1029 1025 1020 1006 1002 998 990 988 976 968 952 949 945 943 934 929 914 903 901 899 890 889 884 854 844 833 825 823 797 796 790 785 776 763 756 749 747 746 742 740 715 711 710 699 684 679 669 665 661 639 634 632 629 621 613 599 594 587 585 576 565 558 554 552 549 546 544 541 533 532 526 524 511 506 496 489 461 459 457 455 445 437 427 420 413 412 408 405 398 397 388 387 379 361 351 349 344 321 286 283 275 258 256 255 252 242 240 235 226 215 213 205 203 202 184 183 182 178 177 176 175 174 173 172 171 133 132 131 130 123 122 121 120 119 118 117 116 115 114 113 112 111 110 109 108 71 70 69 68 67 66 59 28 27 26 25 24 17 16
>  165 1198 982 929 921 759 672 634 594 525 514 408 398 328 324 203 198 123 122 121 120 119 118 117 116 88 87 86 17 7 6 5 4 3 2
>  166 1160 1145 1028 672 667 601 503 484 406 272 269 257 210 198 164 163 162 161 160 159 88 87 86 44 43 42 7 6 5 4 3 2
>  167 679 672 585 359 213 198 178 177 176 175 174 173 172 171 88 87 86 59 7 6 5 4 3 2
>  168 1208 1187 1178 1158 1146 1133 1119 1108 1042 1023 1015 1013 989 961 960 942 936 928 916 892 869 853 845 829 808 793 767 717 703 690 686 679 672 663 662 652 645 586 585 584 580 575 574 570 568 563 521 519 510 509 488 486 483 474 447 395 378 359 340 337 281 279 263 254 224 213 212 208 198 178 177 176 175 174 173 172 171 170 169 168 151 150 149 148 147 146 145 88 87 86 59 57 56 55 54 53 52 39 38 7 6 5 4 3 2
>  169 1208 1205 1204 1203 1195 1193 1191 1183 1182 1180 1174 1170 1166 1161 1154 1153 1143 1142 1139 1136 1134 1131 1125 1124 1118 1114 1113 1102 1098 1093 1085 1084 1082 1079 1078 1075 1071 1070 1068 1064 1054 1051 1050 1042 1039 1036 1035 1033 1025 1022 1019 1016 1015 1012 1011 1007 1006 1000 996 995 986 979 978 976 974 971 970 967 963 950 942 938 930 926 925 922 919 918 915 913 912 908 907 903 899 892 888 885 878 875 874 872 870 867 866 865 861 860 858 856 855 848 840 839 837 834 829 828 821 818 813 810 806 803 802 799 797 793 792 790 784 783 782 781 774 773 770 760 757 754 751 749 747 743 739 727 719 717 715 713 711 702 699 694 691 690 687 679 675 673 672 669 664 662 661 652 644 638 633 629 627 623 620 617 614 613 612 603 599 589 585 583 581 580 579 578 563 559 558 554 546 544 540 538 528 527 523 519 510 509 506 505 504 500 493 489 488 483 478 477 474 471 470 468 465 462 444 443 441 440 432 415 414 405 402 393 387 385 384 383 377 376 368 363 362 361 359 357 348 346 345 344 342 339 335 334 333 321 312 307 291 287 283 282 279 278 275 270 263 256 253 252 248 243 239 233 225 224 222 220 213 212 205 202 201 198 197 178 177 176 175 174 173 172 171 170 169 168 133 132 131 130 115 114 113 112 111 110 109 108 107 106 105 104 103 102 88 87 86 85 84 83 82 81 80 79 78 59 57 56 55 54 53 52 29 28 27 26 25 24 16 15 14 13 7 6 5 4 3 2 1
>  170 1208 1205 1203 1188 1187 1185 1182 1180 1178 1174 1170 1167 1163 1158 1155 1154 1149 1146 1142 1140 1139 1134 1133 1131 1124 1123 1120 1119 1118 1113 1108 1102 1093 1085 1084 1071 1070 1068 1064 1063 1058 1054 1052 1051 1042 1036 1033 1026 1025 1024 1023 1022 1018 1016 1015 1014 1013 1012 1011 1007 1006 1003 1000 995 989 987 986 984 983 980 979 978 976 975 969 967 963 961 960 959 947 942 939 936 933 930 928 925 919 918 916 915 913 907 903 899 898 897 892 888 875 874 870 869 866 865 862 861 860 858 855 853 849 845 836 834 829 828 810 808 806 799 797 793 791 790 782 781 773 771 770 767 764 758 757 749 747 743 741 733 727 724 719 717 715 711 703 699 691 690 686 679 675 672 669 664 663 662 661 652 649 648 645 638 633 631 629 627 623 616 613 599 596 589 586 585 584 581 580 579 575 574 570 568 563 558 557 554 548 546 544 527 521 519 510 509 506 505 493 489 488 486 483 478 477 474 470 468 465 463 447 442 440 432 431 428 422 414 405 402 395 387 385 384 378 377 374 373 363 362 361 359 357 348 344 342 340 339 337 334 333 321 312 307 291 287 283 281 279 278 277 275 270 263 256 254 253 252 248 239 233 224 222 213 212 208 205 202 201 198 178 177 176 175 174 173 172 171 170 169 168 151 150 149 148 147 146 145 133 132 131 115 114 113 112 111 110 109 108 107 106 105 104 103 102 88 87 86 59 57 56 55 54 53 52 39 38 29 28 27 26 25 24 16 15 14 13 7 6 5 4 3 2
>  171 715 550 256 205 133 132 131 130 129 128 26 25 24
>  172 1217 1212 1208 1205 1204 1203 1195 1188 1187 1185 1183 1182 1178 1170 1166 1163 1161 1158 1155 1153 1146 1143 1142 1140 1136 1134 1133 1131 1125 1124 1120 1119 1117 1108 1098 1084 1083 1082 1079 1075 1071 1069 1063 1057 1052 1051 1050 1047 1045 1042 1039 1038 1035 1032 1026 1025 1023 1019 1015 1013 1007 1006 1003 1000 997 996 989 987 986 983 979 976 975 974 972 971 970 963 961 960 950 942 939 938 936 935 933 932 930 928 926 916 915 908 903 899 898 897 892 886 885 878 875 874 872 869 866 865 862 859 858 856 853 849 848 845 840 839 837 836 834 831 829 828 826 821 818 813 808 806 803 802 799 797 793 792 791 790 789 783 781 774 771 767 764 760 758 757 754 751 749 747 741 733 728 727 724 720 717 715 711 703 699 694 691 690 689 687 686 679 673 672 669 664 663 662 661 652 649 645 644 631 629 623 620 617 616 614 613 612 603 599 596 589 586 585 584 583 580 579 578 575 574 570 568 563 559 558 557 554 551 548 546 544 540 528 523 521 519 510 509 506 505 504 500 489 488 486 483 474 471 468 465 463 462 447 444 443 442 440 432 431 428 422 415 405 395 393 387 385 384 383 378 376 374 373 368 362 361 359 346 345 344 340 337 333 321 320 312 310 287 283 282 281 279 277 275 270 263 256 254 253 252 248 243 239 225 224 222 220 213 212 208 205 202 198 197 178 177 176 175 174 173 172 171 170 169 168 151 150 149 148 147 146 145 133 132 131 115 114 113 112 111 110 109 108 88 87 86 85 84 83 82 81 80 79 78 59 57 56 55 54 53 52 39 38 29 28 27 26 25 24 16 7 6 5 4 3 2 1
>  173 1160 1145 1028 672 667 601 503 484 406 272 269 257 210 198 164 163 162 161 160 159 88 87 86 44 43 42 7 6 5 4 3 2
>  174 1197 1156 1021 704 679 672 637 625 600 592 590 585 562 434 403 386 359 325 313 271 213 199 198 178 177 176 175 174 173 172 171 94 93 92 91 90 89 88 87 86 59 10 9 8 7 6 5 4 3 2
>  175 704 199 94 93 92 91 90 89 10 9 8
>  176 679 672 657 609 585 466 401 380 359 350 336 264 244 213 209 198 178 177 176 175 174 173 172 171 158 157 156 155 154 153 152 88 87 86 59 41 40 7 6 5 4 3 2
>  177 1208 1178 1172 1165 1151 1146 1130 1126 1110 1100 1099 1087 1044 1037 1023 1013 994 989 981 968 960 956 943 936 929 928 927 916 871 833 829 822 776 767 746 717 703 697 690 686 679 676 665 663 654 634 594 586 585 584 580 574 570 568 534 533 521 519 510 509 496 488 487 486 483 459 447 439 430 427 408 407 398 397 395 378 367 340 337 322 311 308 281 279 251 234 213 212 208 203 178 177 176 175 174 173 172 171 170 169 168 167 151 150 149 148 147 146 145 123 122 121 120 119 118 117 116 59 57 56 55 54 53 52 39 38 17
>  178
>  179 1214 1196 1194 1189 1183 1144 1079 1076 1051 1050 1039 1031 1030 1025 952 934 901 890 885 848 844 797 756 715 711 710 687 669 661 644 632 623 620 617 576 565 554 549 532 528 511 504 489 471 465 462 461 455 444 420 415 412 388 387 379 376 368 345 286 283 258 256 255 248 243 242 220 215 205 202 197 184 183 182 133 132 131 115 114 113 112 111 110 109 108 85 84 83 82 81 80 79 78 71 70 69 68 67 66 29 28 27 26 25 24 16 1
>  180 1133 1110 1108 1013 869 829 808 703 672 663 662 652 645 584 575 570 563 488 483 474 447 407 340 337 281 263 254 224 212 208 198 170 169 168 167 151 150 149 148 147 146 145 88 87 86 56 55 54 53 52 39 38 7 6 5 4 3 2
>  181 1148 1107 1106 1049 924 900 883 877 863 852 851 797 761 731 730 708 683 672 669 651 646 618 606 573 560 554 547 535 530 507 489 485 472 418 389 384 375 343 341 312 288 280 270 262 250 247 241 222 218 214 204 202 198 181 180 179 127 126 125 115 114 113 112 111 110 109 108 88 87 86 65 64 63 62 61 60 23 22 21 20 19 18 16 7 6 5 4 3 2
>  182 1212 1195 1193 1142 1140 1136 1123 1113 1085 1083 1069 1050 1047 1045 1018 1012 996 984 963 959 947 938 935 933 925 913 912 897 875 862 861 859 858 856 849 826 791 789 783 774 773 758 739 728 720 715 702 694 691 689 675 672 664 649 648 645 638 627 623 620 617 612 596 583 581 575 559 557 551 538 528 500 493 478 470 462 444 443 442 440 432 431 415 383 374 362 357 345 339 335 320 310 283 281 278 277 256 254 248 239 220 208 205 201 198 197 151 150 149 148 147 146 145 133 132 131 107 106 105 104 103 102 88 87 86 85 84 83 82 81 80 79 78 39 38 29 28 27 26 25 24 15 14 13 7 6 5 4 3 2 1
>  183 1203 986 976 899 797 747 679 672 669 585 558 554 546 489 405 384 359 312 275 270 252 222 213 202 198 178 177 176 175 174 173 172 171 115 114 113 112 111 110 109 108 88 87 86 59 16 7 6 5 4 3 2
>  184 704 606 573 472 288 262 214 199 181 180 179 94 93 92 91 90 89 65 64 63 62 61 60 10 9 8
>  185 1214 1213 1209 1205 1203 1202 1199 1198 1196 1194 1189 1186 1181 1176 1175 1162 1151 1147 1144 1142 1132 1122 1115 1112 1101 1097 1096 1092 1084 1077 1076 1066 1065 1055 1051 1046 1041 1031 1030 1029 1025 1020 1017 1010 1009 1006 1002 1000 998 990 988 986 985 982 976 968 966 963 955 954 953 952 949 945 943 941 934 929 921 920 914 911 905 903 901 899 891 890 889 884 875 868 866 858 854 844 841 835 833 825 823 819 814 809 807 806 797 796 795 790 785 784 776 768 763 762 759 756 749 747 746 742 740 738 729 722 715 711 710 700 699 695 693 692 691 688 684 681 680 679 674 672 669 665 664 661 659 658 641 639 634 632 629 621 613 602 599 594 593 587 585 577 576 567 565 558 554 553 552 549 546 544 542 541 533 532 526 525 524 516 514 511 506 498 496 494 489 482 469 464 461 459 457 455 452 448 445 441 440 438 437 432 427 420 419 416 413 412 408 405 400 399 398 397 388 387 384 379 372 366 362 361 359 351 349 347 344 328 324 321 317 315 312 304 301 300 299 294 290 286 285 283 276 275 270 265 260 258 256 255 252 242 240 239 238 237 235 232 226 222 219 217 215 213 206 205 203 202 198 196 195 194 193 192 191 190 189 184 183 182 178 177 176 175 174 173 172 171 137 136 135 134 133 132 131 130 123 122 121 120 119 118 117 116 115 114 113 112 111 110 109 108 88 87 86 77 71 70 69 68 67 66 59 35 34 33 32 31 28 27 26 25 24 17 16 7 6 5 4 3 2
>  186 1171 1169 1080 1056 797 709 704 672 669 637 635 625 600 554 492 489 403 386 384 325 312 270 268 222 202 199 198 115 114 113 112 111 110 109 108 94 93 92 91 90 89 88 87 86 16 10 9 8 7 6 5 4 3 2
>  187 1195 1142 1136 1050 996 963 938 875 858 856 783 774 715 694 691 672 664 623 620 617 612 583 559 528 500 462 444 443 440 432 415 383 362 345 283 256 248 239 220 205 198 197 133 132 131 88 87 86 85 84 83 82 81 80 79 78 29 28 27 26 25 24 7 6 5 4 3 2 1
>  188 1065 1009 964 954 891 795 787 734 715 698 674 670 658 553 522 482 476 436 394 347 318 315 299 296 292 283 256 217 207 205 196 195 194 193 192 191 190 189 144 143 142 141 140 139 138 133 132 131 130 77 37 36 28 27 26 25 24
>  189 1160 1145 1028 672 667 601 503 484 406 272 269 257 210 198 164 163 162 161 160 159 88 87 86 44 43 42 7 6 5 4 3 2
>  190 1195 1183 1161 1142 1136 1079 1051 1050 1039 1025 1000 996 963 938 908 885 875 866 858 856 848 806 797 783 774 760 751 715 711 694 691 687 672 669 664 661 644 623 620 617 612 583 559 554 528 504 500 489 471 465 462 444 443 440 432 415 387 384 383 376 368 362 345 312 283 270 256 248 243 239 222 220 205 202 198 197 133 132 131 115 114 113 112 111 110 109 108 88 87 86 85 84 83 82 81 80 79 78 29 28 27 26 25 24 16 7 6 5 4 3 2 1
>  191 1171 1169 1111 1089 1081 1080 1056 1051 1025 931 797 748 715 711 709 704 701 669 661 635 622 554 518 517 492 489 481 387 382 283 268 256 246 205 202 199 133 132 131 130 115 114 113 112 111 110 109 108 94 93 92 91 90 89 28 27 26 25 24 16 10 9 8
>  192 797 672 669 554 489 384 312 270 222 202 198 115 114 113 112 111 110 109 108 88 87 86 16 7 6 5 4 3 2
>  193 1005 761 736 716 708 679 672 655 651 608 606 595 591 585 573 547 520 502 475 472 418 359 288 262 223 218 214 213 198 181 180 179 178 177 176 175 174 173 172 171 88 87 86 65 64 63 62 61 60 59 7 6 5 4 3 2
>  194 704 672 637 625 600 403 386 325 199 198 94 93 92 91 90 89 88 87 86 10 9 8 7 6 5 4 3 2
>  195 1208 1187 1178 1158 1146 1133 1119 1108 1042 1023 1015 1013 989 961 960 942 936 928 916 892 869 853 845 829 808 793 767 717 703 690 686 679 672 663 662 652 645 586 585 584 580 575 574 570 568 563 521 519 510 509 488 486 483 474 447 395 378 359 340 337 281 279 263 254 224 213 212 208 198 178 177 176 175 174 173 172 171 170 169 168 151 150 149 148 147 146 145 88 87 86 59 57 56 55 54 53 52 39 38 7 6 5 4 3 2
>  196 704 199 94 93 92 91 90 89 10 9 8
>  197 1214 1213 1209 1205 1203 1196 1194 1189 1186 1181 1175 1151 1144 1116 1115 1112 1097 1084 1077 1076 1066 1051 1031 1030 1029 1025 1020 1006 1002 998 990 988 976 968 964 952 949 945 944 943 934 929 914 903 901 899 890 889 884 873 854 844 833 825 823 797 796 790 787 785 776 763 756 750 749 747 746 742 740 734 715 711 710 699 698 684 679 670 669 665 661 639 634 632 629 621 619 613 599 594 587 585 576 565 558 556 554 552 549 546 544 541 533 532 526 524 522 511 506 496 489 476 461 459 457 455 445 437 436 427 420 413 412 408 405 398 397 394 388 387 379 369 361 351 349 344 327 321 318 296 292 286 283 275 258 256 255 252 242 240 235 231 226 215 213 207 205 203 202 184 183 182 178 177 176 175 174 173 172 171 144 143 142 141 140 139 138 133 132 131 130 123 122 121 120 119 118 117 116 115 114 113 112 111 110 109 108 71 70 69 68 67 66 59 37 36 28 27 26 25 24 17 16
>  198 715 283 256 248 205 133 132 30 29 28 27 26 25 24
>  199 1138 973 761 734 708 698 682 672 670 651 606 573 571 547 536 531 490 472 418 354 318 309 288 266 262 218 214 207 198 181 180 179 144 143 142 141 140 139 138 88 87 86 65 64 63 62 61 60 37 36 7 6 5 4 3 2
>  200 1164 1116 973 944 902 873 797 750 734 698 672 670 669 619 556 554 536 531 529 489 479 467 426 384 369 327 323 318 312 309 273 270 231 222 207 202 200 198 144 143 142 141 140 139 138 115 114 113 112 111 110 109 108 101 100 99 98 97 96 95 88 87 86 37 36 16 12 11 7 6 5 4 3 2
>  201 1217 1212 1208 1205 1204 1203 1195 1188 1187 1185 1183 1182 1178 1170 1166 1163 1161 1158 1155 1153 1146 1143 1142 1140 1136 1134 1133 1131 1125 1124 1120 1119 1117 1108 1098 1084 1083 1082 1079 1075 1071 1069 1063 1057 1052 1051 1050 1047 1045 1042 1039 1038 1035 1032 1026 1025 1023 1019 1015 1013 1007 1006 1003 1000 997 996 989 987 986 983 979 976 975 974 972 971 970 963 961 960 950 942 939 938 936 935 933 932 930 928 926 916 915 908 903 899 898 897 892 886 885 878 875 874 872 869 866 865 862 859 858 856 853 849 848 845 840 839 837 836 834 831 829 828 826 821 818 813 808 806 803 802 799 797 793 792 791 790 789 783 781 774 771 767 764 760 758 757 754 751 749 747 741 733 728 727 724 720 717 715 711 703 699 694 691 690 689 687 686 679 673 672 669 664 663 662 661 652 649 645 644 631 629 623 620 617 616 614 613 612 603 599 596 589 586 585 584 583 580 579 578 575 574 570 568 563 559 558 557 554 551 548 546 544 540 528 523 521 519 510 509 506 505 504 500 489 488 486 483 474 471 468 465 463 462 447 444 443 442 440 432 431 428 422 415 405 395 393 387 385 384 383 378 376 374 373 368 362 361 359 346 345 344 340 337 333 321 320 312 310 287 283 282 281 279 277 275 270 263 256 254 253 252 248 243 239 225 224 222 220 213 212 208 205 202 198 197 178 177 176 175 174 173 172 171 170 169 168 151 150 149 148 147 146 145 133 132 131 115 114 113 112 111 110 109 108 88 87 86 85 84 83 82 81 80 79 78 59 57 56 55 54 53 52 39 38 29 28 27 26 25 24 16 7 6 5 4 3 2 1
>  202 1195 1183 1161 1148 1136 1091 1061 1049 1039 996 938 908 880 877 863 856 847 801 797 783 779 774 760 753 751 721 694 687 672 669 666 646 644 617 612 607 583 561 559 554 507 504 500 489 485 471 444 443 429 411 410 409 384 383 376 375 368 364 343 341 312 305 303 280 270 250 243 241 222 204 202 198 197 127 126 125 115 114 113 112 111 110 109 108 88 87 86 85 84 83 82 81 80 79 78 23 22 21 20 19 18 16 7 6 5 4 3 2 1
>  203 672 507 375 280 250 241 204 198 127 126 125 88 87 86 23 22 21 20 19 18 7 6 5 4 3 2
>  204 1158 1133 1108 1013 869 853 829 808 703 672 663 662 652 645 584 575 570 563 519 488 483 474 447 378 340 337 281 263 254 224 212 208 198 170 169 168 151 150 149 148 147 146 145 88 87 86 57 56 55 54 53 52 39 38 7 6 5 4 3 2
>  205 1214 1213 1208 1205 1203 1196 1194 1191 1189 1180 1175 1170 1154 1144 1139 1131 1116 1115 1114 1102 1097 1093 1084 1076 1071 1070 1068 1066 1064 1054 1051 1036 1031 1030 1025 1022 1020 1012 1011 1006 978 976 964 952 945 944 934 922 919 918 915 913 903 901 899 890 889 888 884 873 867 865 860 844 834 829 828 810 797 790 787 770 756 750 749 747 743 742 734 727 719 717 715 713 711 710 699 698 690 679 675 670 669 661 639 638 633 632 629 621 619 613 599 589 585 581 580 579 576 565 558 556 554 549 546 544 532 527 526 522 519 511 510 509 506 505 489 488 483 478 477 476 470 461 455 437 436 420 414 413 412 405 402 394 388 387 385 379 377 369 363 361 349 348 344 342 339 334 327 321 318 307 296 292 291 287 286 283 279 278 275 258 256 255 253 252 242 235 233 231 215 213 212 207 205 202 201 184 183 182 178 177 176 175 174 173 172 171 170 169 168 144 143 142 141 140 139 138 133 132 131 130 115 114 113 112 111 110 109 108 107 106 105 104 103 102 71 70 69 68 67 66 59 57 56 55 54 53 52 37 36 28 27 26 25 24 16 15 14 13
>  206 1217 1212 1208 1205 1204 1203 1195 1188 1187 1185 1183 1182 1178 1170 1166 1163 1161 1158 1155 1153 1146 1143 1142 1140 1136 1134 1133 1131 1125 1124 1120 1119 1117 1108 1098 1084 1083 1082 1079 1075 1071 1069 1063 1057 1052 1051 1050 1047 1045 1042 1039 1038 1035 1032 1026 1025 1023 1019 1015 1013 1007 1006 1003 1000 997 996 989 987 986 983 979 976 975 974 972 971 970 963 961 960 950 942 939 938 936 935 933 932 930 928 926 916 915 908 903 899 898 897 892 886 885 878 875 874 872 869 866 865 862 859 858 856 853 849 848 845 840 839 837 836 834 831 829 828 826 821 818 813 808 806 803 802 799 797 793 792 791 790 789 783 781 774 771 767 764 760 758 757 754 751 749 747 741 733 728 727 724 720 717 715 711 703 699 694 691 690 689 687 686 679 673 672 669 664 663 662 661 652 649 645 644 631 629 623 620 617 616 614 613 612 603 599 596 589 586 585 584 583 580 579 578 575 574 570 568 563 559 558 557 554 551 548 546 544 540 528 523 521 519 510 509 506 505 504 500 489 488 486 483 474 471 468 465 463 462 447 444 443 442 440 432 431 428 422 415 405 395 393 387 385 384 383 378 376 374 373 368 362 361 359 346 345 344 340 337 333 321 320 312 310 287 283 282 281 279 277 275 270 263 256 254 253 252 248 243 239 225 224 222 220 213 212 208 205 202 198 197 178 177 176 175 174 173 172 171 170 169 168 151 150 149 148 147 146 145 133 132 131 115 114 113 112 111 110 109 108 88 87 86 85 84 83 82 81 80 79 78 59 57 56 55 54 53 52 39 38 29 28 27 26 25 24 16 7 6 5 4 3 2 1
>  207 1037 981 956 929 829 676 654 634 594 534 519 488 483 430 408 398 367 311 212 203 170 169 168 123 122 121 120 119 118 117 116 57 56 55 54 53 52 17
>  208 1214 1213 1205 1203 1196 1194 1189 1175 1144 1142 1116 1115 1097 1092 1084 1076 1066 1051 1031 1030 1025 1020 1006 1000 986 976 973 964 963 952 945 944 937 934 903 901 899 890 889 884 875 873 866 858 844 806 797 790 787 784 756 750 749 747 742 734 715 711 710 700 699 698 691 679 672 670 669 664 661 639 632 629 621 619 613 599 585 576 565 558 556 554 549 546 544 536 532 531 526 522 511 506 489 476 464 461 455 441 440 437 436 432 420 416 413 412 405 399 394 388 387 384 379 369 362 361 359 349 344 327 321 318 312 309 296 292 286 283 275 270 258 256 255 252 242 239 235 231 222 215 213 207 205 202 198 184 183 182 178 177 176 175 174 173 172 171 144 143 142 141 140 139 138 133 132 131 130 115 114 113 112 111 110 109 108 88 87 86 71 70 69 68 67 66 59 37 36 28 27 26 25 24 16 7 6 5 4 3 2
>  209 1092 901 710 700 672 565 549 532 511 464 416 399 215 198 184 183 182 88 87 86 71 70 69 68 67 66 7 6 5 4 3 2
>  210 716 679 655 606 595 591 585 573 520 502 475 472 288 262 223 214 213 181 180 179 178 177 176 175 174 173 172 171 65 64 63 62 61 60 59
>  211 1198 982 929 921 759 672 634 594 525 514 408 398 328 324 203 198 123 122 121 120 119 118 117 116 88 87 86 17 7 6 5 4 3 2
>  212 1214 1213 1205 1203 1202 1199 1196 1194 1189 1176 1175 1162 1147 1144 1132 1124 1122 1115 1101 1097 1096 1084 1076 1066 1055 1051 1041 1031 1030 1025 1020 1010 1006 976 966 953 952 945 941 934 905 903 901 899 890 889 884 868 844 841 835 819 809 807 797 790 762 756 749 747 742 738 715 711 710 699 695 693 680 679 669 661 659 641 639 632 629 623 621 613 599 593 585 576 565 558 554 549 546 544 532 516 511 506 498 489 469 468 465 461 455 438 437 420 419 413 412 405 400 388 387 379 372 361 349 344 321 301 286 283 276 275 265 260 258 256 255 252 248 242 238 237 235 232 215 213 206 205 202 184 183 182 178 177 176 175 174 173 172 171 137 136 135 134 133 132 131 115 114 113 112 111 110 109 108 71 70 69 68 67 66 59 35 34 33 32 31 29 28 27 26 25 24 16
>  213 1208 1205 1203 1191 1188 1185 1180 1178 1174 1170 1167 1163 1155 1154 1149 1146 1140 1139 1131 1124 1123 1120 1114 1102 1093 1090 1086 1084 1071 1070 1068 1064 1063 1060 1058 1054 1052 1051 1036 1026 1025 1024 1023 1022 1018 1014 1013 1012 1011 1007 1006 1003 989 987 983 980 979 978 976 975 969 960 947 939 936 933 928 922 919 918 916 915 913 903 899 897 888 867 865 862 860 836 834 829 828 810 797 791 790 771 770 769 767 764 758 749 747 743 741 733 727 724 719 717 715 713 711 703 699 690 686 679 675 669 663 661 649 648 638 633 631 629 623 616 613 599 596 589 586 585 584 581 580 579 574 570 568 558 557 554 548 546 544 527 521 519 510 509 506 505 489 488 486 483 480 478 477 470 468 465 463 447 442 431 428 422 414 405 402 395 387 385 378 377 374 373 363 361 348 344 342 340 339 337 334 333 321 307 291 287 283 281 279 278 277 275 256 253 252 248 233 213 212 208 205 202 201 178 177 176 175 174 173 172 171 170 169 168 151 150 149 148 147 146 145 133 132 131 130 115 114 113 112 111 110 109 108 107 106 105 104 103 102 59 57 56 55 54 53 52 39 38 29 28 27 26 25 24 16 15 14 13
>  214 715 623 283 256 248 205 133 132 131 29 28 27 26 25 24
>  215 1051 1025 894 797 715 711 669 661 554 550 489 446 387 283 256 205 202 133 132 131 130 129 128 115 114 113 112 111 110 109 108 28 27 26 25 24 16
>  216 1160 1145 1028 797 672 669 667 601 554 503 489 484 406 384 312 272 270 269 257 222 210 202 198 164 163 162 161 160 159 115 114 113 112 111 110 109 108 88 87 86 44 43 42 16 7 6 5 4 3 2
>  217 1197 1156 1021 704 679 672 637 625 600 592 590 585 562 434 403 386 359 325 313 271 213 199 198 178 177 176 175 174 173 172 171 94 93 92 91 90 89 88 87 86 59 10 9 8 7 6 5 4 3 2
>  218 1198 1195 1136 996 982 973 938 929 921 887 856 815 783 775 774 759 734 704 698 694 672 670 637 634 625 617 612 600 597 594 583 559 536 531 525 514 500 451 444 443 423 408 403 398 386 383 329 328 325 324 318 309 207 203 199 198 197 144 143 142 141 140 139 138 123 122 121 120 119 118 117 116 94 93 92 91 90 89 88 87 86 85 84 83 82 81 80 79 78 37 36 17 10 9 8 7 6 5 4 3 2 1
>  219 1195 1143 1136 1075 996 938 856 821 783 774 694 679 673 672 617 612 585 583 559 523 500 444 443 383 359 346 213 198 197 178 177 176 175 174 173 172 171 88 87 86 85 84 83 82 81 80 79 78 59 7 6 5 4 3 2 1
>  220 1177 1137 909 842 794 744 672 660 650 643 598 513 501 491 392 371 332 326 302 259 216 198 188 187 186 185 88 87 86 76 75 74 73 72 7 6 5 4 3 2
>  221 964 787 734 715 698 670 623 522 476 436 394 318 296 292 283 256 248 207 205 144 143 142 141 140 139 138 133 132 131 37 36 29 28 27 26 25 24
>  222 672 198 88 87 86 7 6 5 4 3 2
>  223 1160 1145 1028 672 667 601 503 484 406 272 269 257 210 198 164 163 162 161 160 159 88 87 86 44 43 42 7 6 5 4 3 2
>  224 1170 1051 1025 1007 979 829 797 727 715 711 669 661 623 589 579 554 519 505 489 488 483 465 387 385 333 287 283 256 253 248 212 205 202 170 169 168 133 132 131 115 114 113 112 111 110 109 108 57 56 55 54 53 52 29 28 27 26 25 24 16
>  225 1214 1196 1194 1189 1183 1144 1079 1076 1051 1050 1039 1031 1030 1025 952 934 901 894 890 885 848 844 820 797 777 756 715 711 710 687 669 661 644 632 623 620 617 576 565 554 550 549 532 528 526 511 504 489 471 465 462 461 455 446 444 420 415 412 388 387 379 376 368 345 338 286 283 258 256 255 248 243 242 220 215 205 202 197 184 183 182 133 132 131 130 129 128 115 114 113 112 111 110 109 108 85 84 83 82 81 80 79 78 71 70 69 68 67 66 29 28 27 26 25 24 16 1
>  226 1065 1009 954 891 795 715 674 658 623 553 482 347 315 299 283 256 248 217 205 196 195 194 193 192 191 190 189 133 132 131 130 77 29 28 27 26 25 24
>  227 672 198 88 87 86 7 6 5 4 3 2
>  228 1198 982 929 921 759 672 634 594 525 514 408 398 328 324 203 198 123 122 121 120 119 118 117 116 88 87 86 17 7 6 5 4 3 2
>  229 704 529 479 281 208 200 199 151 150 149 148 147 146 145 101 100 99 98 97 96 95 94 93 92 91 90 89 39 38 12 11 10 9 8
>  230 929 906 657 634 609 606 594 573 572 472 466 408 401 398 380 350 336 288 264 262 244 227 214 209 203 181 180 179 158 157 156 155 154 153 152 123 122 121 120 119 118 117 116 65 64 63 62 61 60 41 40 17
>  231 829 519 488 483 212 170 169 168 57 56 55 54 53 52
>  232 680 375 206 204 137 136 135 134 127 126 125 35 34 33 32 31 23 22 21 20 19 18
>  233 1195 1136 996 938 856 783 774 694 672 617 612 583 559 500 444 443 383 198 197 88 87 86 85 84 83 82 81 80 79 78 7 6 5 4 3 2 1
>  234 1200 1181 1112 1050 1027 1002 1001 929 816 815 715 634 624 623 620 617 597 594 528 524 473 462 451 444 423 415 408 398 345 330 329 283 256 248 240 226 220 205 203 197 133 132 131 123 122 121 120 119 118 117 116 85 84 83 82 81 80 79 78 29 28 27 26 25 24 17 1
>  235 1208 1205 1203 1188 1187 1185 1182 1180 1178 1174 1170 1167 1163 1158 1155 1154 1149 1146 1142 1140 1139 1134 1133 1131 1124 1123 1120 1119 1118 1113 1108 1102 1093 1085 1084 1071 1070 1068 1064 1063 1058 1054 1052 1051 1042 1036 1033 1026 1025 1024 1023 1022 1018 1016 1015 1014 1013 1012 1011 1007 1006 1003 1000 995 989 987 986 984 983 980 979 978 976 975 969 967 963 961 960 959 947 942 939 936 933 930 928 925 919 918 916 915 913 907 903 899 898 897 892 888 875 874 870 869 866 865 862 861 860 858 855 853 849 845 836 834 829 828 810 808 806 799 797 793 791 790 782 781 773 771 770 767 764 758 757 749 747 743 741 733 727 724 719 717 715 711 703 699 691 690 686 679 675 672 669 664 663 662 661 652 649 648 645 638 633 631 629 627 623 616 613 599 596 589 586 585 584 581 580 579 575 574 570 568 563 558 557 554 548 546 544 527 521 519 510 509 506 505 493 489 488 486 483 478 477 474 470 468 465 463 447 442 440 432 431 428 422 414 405 402 395 387 385 384 378 377 374 373 363 362 361 359 357 348 344 342 340 339 337 334 333 321 312 307 291 287 283 281 279 278 277 275 270 263 256 254 253 252 248 239 233 224 222 213 212 208 205 202 201 198 178 177 176 175 174 173 172 171 170 169 168 151 150 149 148 147 146 145 133 132 131 115 114 113 112 111 110 109 108 107 106 105 104 103 102 88 87 86 59 57 56 55 54 53 52 39 38 29 28 27 26 25 24 16 15 14 13 7 6 5 4 3 2
>  236 1205 1195 1143 1142 1136 1124 1084 1075 1050 1019 996 970 963 938 903 875 858 856 839 821 790 783 774 749 715 699 694 691 679 673 672 664 629 623 620 617 613 612 599 585 583 559 544 528 523 506 500 468 462 444 443 440 432 415 383 362 361 359 346 345 344 321 283 256 248 239 220 213 205 198 197 178 177 176 175 174 173 172 171 133 132 131 88 87 86 85 84 83 82 81 80 79 78 59 29 28 27 26 25 24 7 6 5 4 3 2 1
>  237 1208 1205 1203 1188 1185 1180 1178 1174 1170 1167 1163 1155 1154 1149 1146 1140 1139 1131 1124 1123 1120 1102 1093 1084 1071 1070 1068 1064 1063 1058 1054 1052 1051 1036 1026 1025 1024 1023 1022 1018 1014 1013 1012 1011 1007 1006 1003 989 987 983 980 979 978 976 975 969 960 947 939 936 933 928 919 918 916 915 913 903 899 897 888 865 862 860 836 834 829 828 810 797 791 790 771 770 767 764 758 749 747 743 741 733 727 724 719 717 715 711 703 699 690 686 679 675 669 663 661 649 648 638 633 631 629 623 616 613 599 596 589 586 585 584 581 580 579 574 570 568 558 557 554 548 546 544 527 521 519 510 509 506 505 489 488 486 483 478 477 470 468 465 463 447 442 431 428 422 414 405 402 395 387 385 378 377 374 373 363 361 348 344 342 340 339 337 334 333 321 307 291 287 283 281 279 278 277 275 256 253 252 248 233 213 212 208 205 202 201 178 177 176 175 174 173 172 171 170 169 168 151 150 149 148 147 146 145 133 132 131 115 114 113 112 111 110 109 108 107 106 105 104 103 102 59 57 56 55 54 53 52 39 38 29 28 27 26 25 24 16 15 14 13
>  238 1197 1115 1021 1020 901 710 704 679 639 621 592 590 585 565 562 549 532 511 437 434 413 349 313 271 235 215 213 199 184 183 182 178 177 176 175 174 173 172 171 94 93 92 91 90 89 71 70 69 68 67 66 59 10 9 8
>  239 1201 1190 1180 1177 1174 1173 1152 1150 1142 1139 1137 1121 1113 1104 1093 1088 1085 1053 1051 1043 1034 1025 1016 1012 1000 995 967 963 958 951 925 913 909 907 896 875 866 861 858 855 842 817 811 806 798 797 794 773 772 766 765 755 744 743 715 712 711 707 706 705 691 685 675 672 669 664 661 660 650 643 640 638 630 628 627 623 598 582 581 554 545 543 539 513 512 501 493 491 489 478 470 465 454 450 440 435 432 425 414 392 387 384 371 362 357 342 339 334 332 326 312 302 283 278 270 259 256 249 248 239 222 216 205 202 201 198 188 187 186 185 133 132 131 115 114 113 112 111 110 109 108 107 106 105 104 103 102 88 87 86 76 75 74 73 72 29 28 27 26 25 24 16 15 14 13 7 6 5 4 3 2
>  240 672 198 88 87 86 7 6 5 4 3 2
>  241 679 672 585 359 213 198 178 177 176 175 174 173 172 171 88 87 86 59 7 6 5 4 3 2
>  242 1203 1107 1106 1062 1005 986 976 946 924 910 900 899 883 852 851 843 797 761 747 745 736 732 731 730 716 708 683 679 672 669 655 651 618 608 606 595 591 585 573 560 558 554 547 546 535 530 520 502 489 475 472 418 405 389 384 359 312 288 275 270 262 252 247 223 222 218 214 213 202 198 181 180 179 178 177 176 175 174 173 172 171 115 114 113 112 111 110 109 108 88 87 86 65 64 63 62 61 60 59 16 7 6 5 4 3 2
>  243 1205 1203 1180 1174 1139 1124 1093 1084 1070 1051 1036 1025 1022 1012 1006 978 976 913 903 899 860 797 790 749 747 743 715 711 699 679 675 669 661 638 629 623 613 599 585 581 558 554 546 544 506 489 478 477 470 468 465 414 405 402 387 361 348 344 342 339 334 321 307 291 283 278 275 256 252 248 233 213 205 202 201 178 177 176 175 174 173 172 171 133 132 131 115 114 113 112 111 110 109 108 107 106 105 104 103 102 59 29 28 27 26 25 24 16 15 14 13
>  244 1215 1210 1208 1207 1178 1172 1167 1165 1154 1151 1146 1130 1126 1110 1102 1100 1099 1087 1072 1058 1044 1037 1023 1014 1013 994 989 981 980 969 968 960 956 948 943 936 929 928 927 923 916 888 871 860 833 829 822 776 767 746 735 719 717 703 697 690 686 679 676 665 663 654 648 634 633 594 586 585 584 580 574 570 568 534 533 527 521 519 510 509 496 495 488 487 486 483 477 459 447 439 433 430 427 408 407 402 398 397 395 378 377 367 363 348 340 337 322 311 308 307 291 281 279 274 251 234 233 213 212 208 203 201 178 177 176 175 174 173 172 171 170 169 168 167 151 150 149 148 147 146 145 123 122 121 120 119 118 117 116 107 106 105 104 103 102 59 57 56 55 54 53 52 39 38 17 15 14 13
>  245 1214 1196 1194 1191 1189 1180 1144 1139 1093 1076 1051 1031 1030 1025 1012 952 934 913 901 890 844 797 756 743 715 713 711 710 675 669 661 638 632 581 576 565 554 549 532 526 511 489 478 470 461 455 420 414 412 388 387 379 342 339 334 286 283 278 258 256 255 242 215 205 202 201 184 183 182 133 132 131 130 115 114 113 112 111 110 109 108 107 106 105 104 103 102 71 70 69 68 67 66 28 27 26 25 24 16 15 14 13
>  246 1195 1142 1136 1050 996 963 938 875 858 856 783 774 715 694 691 672 664 623 620 617 612 583 559 528 500 462 444 443 440 432 415 383 362 345 283 256 248 239 220 205 198 197 133 132 131 88 87 86 85 84 83 82 81 80 79 78 29 28 27 26 25 24 7 6 5 4 3 2 1
>  247 1208 1178 1146 1110 1023 1013 989 960 936 928 916 829 767 717 703 690 686 679 663 586 585 584 580 574 570 568 521 519 510 509 488 486 483 447 407 395 378 340 337 281 279 213 212 208 178 177 176 175 174 173 172 171 170 169 168 167 151 150 149 148 147 146 145 59 57 56 55 54 53 52 39 38
>  248 1191 1180 1139 1093 1051 1025 1012 913 797 743 715 713 711 675 669 661 638 581 554 489 478 470 414 387 342 339 334 283 278 256 205 202 201 133 132 131 130 115 114 113 112 111 110 109 108 107 106 105 104 103 102 28 27 26 25 24 16 15 14 13
>  249 715 283 256 205 133 132 131 130 28 27 26 25 24
>  250 680 617 529 479 444 206 200 197 137 136 135 134 101 100 99 98 97 96 95 85 84 83 82 81 80 79 78 35 34 33 32 31 12 11 1
>  251 1209 1198 1160 1145 1046 1028 982 929 921 914 797 785 763 759 684 672 669 667 634 601 594 587 554 552 525 514 503 489 484 408 406 398 384 328 324 312 272 270 269 257 222 210 203 202 198 164 163 162 161 160 159 123 122 121 120 119 118 117 116 115 114 113 112 111 110 109 108 88 87 86 44 43 42 17 16 7 6 5 4 3 2
>  252 1164 902 679 672 585 529 479 467 426 359 323 273 213 200 198 178 177 176 175 174 173 172 171 101 100 99 98 97 96 95 88 87 86 59 12 11 7 6 5 4 3 2
>  253 1198 1142 1112 982 963 929 921 875 858 759 715 691 672 664 634 594 550 541 525 514 457 441 440 432 408 398 362 328 324 256 240 239 226 205 203 198 133 132 131 130 129 128 123 122 121 120 119 118 117 116 88 87 86 26 25 24 17 7 6 5 4 3 2
>  254 704 199 94 93 92 91 90 89 10 9 8
>  255 797 672 669 554 489 384 312 270 222 202 198 115 114 113 112 111 110 109 108 88 87 86 16 7 6 5 4 3 2
>  256 1195 1183 1161 1160 1145 1136 1039 1028 996 938 908 856 797 783 774 760 751 694 687 672 669 667 644 617 612 601 583 559 554 504 503 500 489 484 471 444 443 406 384 383 376 368 312 272 270 269 257 243 222 210 202 198 197 164 163 162 161 160 159 115 114 113 112 111 110 109 108 88 87 86 85 84 83 82 81 80 79 78 44 43 42 16 7 6 5 4 3 2 1
>  257 1208 1187 1178 1158 1146 1133 1119 1108 1042 1023 1015 1013 989 961 960 942 936 928 916 892 869 853 845 829 808 793 767 717 703 690 686 679 672 663 662 652 645 586 585 584 580 575 574 570 568 563 521 519 510 509 488 486 483 474 447 395 378 359 340 337 281 279 263 254 224 213 212 208 198 178 177 176 175 174 173 172 171 170 169 168 151 150 149 148 147 146 145 88 87 86 59 57 56 55 54 53 52 39 38 7 6 5 4 3 2
>  258 1208 1205 1204 1203 1201 1195 1193 1191 1190 1183 1182 1180 1177 1174 1173 1170 1166 1161 1154 1153 1152 1150 1143 1142 1139 1137 1136 1134 1131 1125 1124 1121 1118 1114 1113 1104 1102 1098 1093 1088 1085 1084 1082 1079 1078 1075 1071 1070 1068 1064 1054 1053 1051 1050 1043 1042 1039 1036 1035 1034 1033 1025 1022 1019 1016 1015 1012 1011 1007 1006 1000 996 995 986 979 978 977 976 974 971 970 967 963 958 951 950 942 938 930 926 925 922 919 918 915 913 912 909 908 907 903 899 896 892 888 885 878 875 874 872 870 867 866 865 861 860 858 856 855 848 842 840 839 837 834 829 828 821 818 817 813 811 810 806 803 802 799 798 797 794 793 792 790 784 783 782 781 774 773 772 770 766 765 760 757 755 754 751 749 747 744 743 739 727 719 717 715 713 712 711 707 706 705 702 699 694 691 690 687 685 679 675 673 672 669 664 662 661 660 652 650 644 643 640 638 633 630 629 628 627 623 620 617 614 613 612 603 599 598 589 585 583 582 581 580 579 578 563 559 558 554 546 545 544 543 540 539 538 528 527 523 519 513 512 510 509 506 505 504 501 500 493 491 489 488 483 478 477 474 471 470 468 465 462 458 454 450 444 443 441 440 435 432 425 415 414 405 402 393 392 387 385 384 383 377 376 371 368 363 362 361 359 357 348 346 345 344 342 339 335 334 333 332 326 321 312 307 302 291 289 287 283 282 279 278 275 270 263 259 256 253 252 249 248 245 243 239 233 225 224 222 220 216 213 212 205 202 201 198 197 188 187 186 185 178 177 176 175 174 173 172 171 170 169 168 133 132 131 130 115 114 113 112 111 110 109 108 107 106 105 104 103 102 88 87 86 85 84 83 82 81 80 79 78 76 75 74 73 72 59 57 56 55 54 53 52 29 28 27 26 25 24 16 15 14 13 7 6 5 4 3 2 1
>  259 1208 1154 1102 888 860 829 719 717 690 679 633 585 580 527 519 510 509 488 483 477 402 377 363 348 307 291 279 233 213 212 201 178 177 176 175 174 173 172 171 170 169 168 167 107 106 105 104 103 102 59 57 56 55 54 53 52 15 14 13
>  260 1215 1210 1208 1207 1178 1172 1167 1165 1154 1151 1146 1130 1126 1110 1102 1100 1099 1087 1072 1058 1044 1037 1023 1014 1013 994 989 981 980 969 968 960 956 948 943 936 929 928 927 923 916 888 871 860 833 829 822 776 767 746 735 719 717 703 697 690 686 679 676 665 663 654 648 634 633 594 586 585 584 580 574 570 568 534 533 527 521 519 510 509 496 495 488 487 486 483 477 459 447 439 433 430 427 408 407 402 398 397 395 378 377 367 363 348 340 337 322 311 308 307 291 281 279 274 251 234 233 213 212 208 203 201 178 177 176 175 174 173 172 171 170 169 168 167 151 150 149 148 147 146 145 123 122 121 120 119 118 117 116 107 106 105 104 103 102 59 57 56 55 54 53 52 39 38 17 15 14 13
>  261 734 698 670 460 375 318 207 204 144 143 142 141 140 139 138 127 126 125 124 37 36 22 21 20 19 18
>  262 1164 902 679 672 585 529 479 467 426 359 323 273 213 200 198 178 177 176 175 174 173 172 171 101 100 99 98 97 96 95 88 87 86 59 12 11 7 6 5 4 3 2
>  263 929 704 634 594 408 398 203 199 123 122 121 120 119 118 117 116 94 93 92 91 90 89 17 10 9 8
>  264 715 283 256 205 133 132 131 130 28 27 26 25 24
>  265 1191 1012 913 715 713 675 638 581 478 470 339 283 278 256 205 201 133 132 131 130 107 106 105 104 103 102 28 27 26 25 24 15 14 13
