3432
3247
2797
2997
1483
1014
2421
2583
2710
1395
911
2403
3456
2200
1748
3035
1176
3093
643
1610
1122
912
451
3162
1249
2345
2803
3226
112
1316
3112
2476
2607
1860
1437
2942
173
263
410
3115
2642
1067
1442
985
1154
1766
2033
831
1377
2932
865
3039
2093
2336
381
1817
989
438
2625
1244
523
3044
2168
2554
1584
2673
983
3110
1592
2665
1634
2188
2782
2716
2855
2876
2608
2795
1308
3099
2180
188
1762
1000
604
993
622
389
225
2819
3367
1842
2407
2953
619
295
1808
2323
2384
2438
2836
446
1414
1431
2287
92
844
1854
90
500
2798
1145
280
2571
2465
1433
3143
2550
1835
3297
2049
2387
3031
736
237
586
1691
161
991
2741
581
2572
996
1730
1784
1914
705
948
1158
3414
250
3159
2071
1878
2346
2956
718
1837
653
1724
2825
1258
1180
37
2415
440
2617
1722
2299
2512
1256
2419
3265
1549
662
838
1367
2489
1058
1806
2975
3379
2879
2635
3109
3027
464
969
2433
1630
1531
49
2718
2622
1833
1336
2525
3021
1674
1299
771
482
3272
2311
1896
3340
700
3385
2322
323
2279
3156
1502
1061
846
239
1962
2051
845
1296
378
1272
3317
2824
1844
1036
3389
2588
226
2226
2301
730
3058
2725
2870
484
889
56
172
1562
3366
2892
941
2781
1133
1587
1825
1455
518
1297
986
592
875
3458
157
1160
2693
2036
265
3249
746
2538
2990
1027
3491
1861
1200
603
1059
776
1418
707
847
1822
2961
213
2187
2887
1836
3144
3171
324
1548
811
1580
3094
2391
124
1482
310
1686
1108
1550
2593
1069
1951
3318
1273
617
3251
1889
2946
3337
1873
1146
752
342
3300
927
255
2604
2263
491
3057
3267
244
3455
215
436
882
2215
3478
529
141
2006
1032
1690
2954
2556
2072
2043
2631
2326
1978
2756
336
2765
1071
567
1073
333
2060
703
848
3200
967
2300
1097
820
2193
784
2620
485
2686
1993
2148
3041
1946
2921
218
430
374
607
1988
2689
1613
307
2284
2372
311
2706
1511
2010
1567
2306
3496
405
1415
197
1664
857
1903
1143
2048
1863
2074
1641
2609
1614
2881
2218
539
667
3236
2053
661
201
2181
1954
2852
513
3380
2268
2374
778
1322
382
288
3137
2574
1388
3190
3256
82
1066
154
1704
1631
2397
1526
3302
1265
2457
345
1382
1332
2255
403
2393
1338
2737
3257
1995
1732
2684
2015
1261
1182
2366
1850
1105
3128
3211
1113
1481
1794
692
1051
695
1262
591
988
3065
2129
3375
2408
1323
2579
3214
1052
3387
1619
3089
1561
1975
402
2470
3424
3295
2900
1361
2856
1965
1019
544
2959
744
905
2484
3299
493
1576
543
3135
2568
1462
2763
1231
393
369
521
1344
1909
1604
2669
1943
1899
1846
563
415
2553
2937
1957
1020
3023
3153
2983
1356
2587
2449
498
1540
3050
303
640
964
2097
628
2972
207
2575
555
2474
241
107
2061
565
947
2896
3209
297
2777
1710
1564
1793
3045
3160
3494
3195
3328
256
2814
1137
1199
2863
2304
1780
258
1663
2424
711
2427
1325
3048
768
621
1678
1984
750
2828
465
3408
3373
2740
1335
1727
420
3002
3025
2213
3489
279
1657
3360
1654
3309
177
1380
2977
1156
902
1735
2431
727
453
1175
1753
1629
1512
3338
1875
2749
2933
936
931
3293
1958
2082
1351
650
2472
376
2390
3294
720
1028
1326
858
1319
520
2485
516
2935
745
1551
1579
2248
2810
1653
1590
261
306
2197
2916
17
1340
1594
735
1571
584
2029
532
1219
1855
649
1961
495
1202
1718
1428
272
1185
2874
1524
1773
2705
3223
1004
1375
1456
587
1464
2329
474
2614
1151
2008
1868
308
1136
3111
2941
3007
2253
2964
1556
187
1360
1910
625
2523
1054
4
2480
3390
733
2030
2081
899
2219
2910
1501
44
2602
2238
3163
2845
3362
1505
1698
676
2522
951
1684
2179
2009
840
3070
2452
1035
1760
388
3170
3384
1465
3053
3363
3180
1453
2183
1593
2343
758
1624
1973
2194
3490
909
3175
1522
3463
2809
2175
2446
1436
1840
1178
1611
3271
2857
1942
2262
3127
3403
566
1680
3149
1243
3138
162
583
729
2697
2350
3224
3008
2648
19
1915
1599
1114
1956
1864
972
1411
3030
2270
2172
1809
630
2086
1918
2211
2779
2880
1234
1759
1937
3410
2943
25
3476
2838
2020
2839
2945
3239
2111
714
2065
1330
2229
790
455
252
2486
121
2539
2735
3241
866
681
2769
903
2144
2929
2276
854
2149
886
234
1953
302
332
2207
2672
3287
3229
47
2516
749
823
1263
2745
3473
1969
3206
2627
3475
3504
1671
1401
1490
2356
2272
198
564
1315
793
2533
2067
2869
2707
2198
2790
392
1359
1170
3074
458
3371
1203
110
1247
2734
2970
2034
2189
1622
2792
1738
2650
2376
2658
1648
1626
204
1944
2973
326
314
183
1095
2169
3254
2222
3471
934
3253
1757
1477
88
2383
2023
2068
1196
1364
849
832
753
3445
2936
2105
641
86
2998
3255
1934
2812
708
1452
2823
627
2395
2634
116
2028
1977
1376
3100
2087
624
22
2682
3434
1570
1871
3201
3113
3481
1021
547
2003
1968
1926
1333
3333
2381
777
949
2337
2785
2131
156
2142
1831
60
2014
2400
366
3449
3355
2821
1811
3275
2231
230
1741
409
2991
2224
556
839
1210
2858
3437
2266
551
2701
2167
3069
1985
2727
3395
971
1709
1967
1217
3129
1472
2150
2751
816
2752
2794
2497
494
548
722
3052
2271
2190
2816
2835
2721
1948
655
527
3427
344
1582
167
1103
2582
1797
3461
3020
2258
926
3155
2066
2406
413
468
737
3314
1972
757
915
3284
1665
3443
3374
2859
2775
2679
1666
478
2655
560
2624
267
552
1441
3220
2703
2564
3178
1403
2592
1053
2185
437
1621
346
3296
802
687
697
1510
3469
2796
1207
159
841
554
2490
716
2203
1419
550
2139
814
1042
1101
1396
779
1987
2461
397
2681
3117
466
3147
2344
340
546
195
1627
3446
1791
1672
1127
2192
1588
2373
1426
2720
3182
1293
349
1701
788
2578
570
3225
3154
2025
2085
3311
1422
119
699
1111
2647
2133
129
731
2992
2638
938
2601
499
684
689
427
2295
1532
850
725
2423
1841
764
507
1930
2363
935
747
363
1608
833
864
2623
379
2092
1288
1865
3087
3078
2045
2364
104
1565
1558
1997
2002
1656
1651
2079
2944
2683
1086
3325
1892
1193
973
91
3179
3189
1424
1317
2676
3046
2451
1369
2802
1081
2166
2032
1331
3465
71
3062
1936
2949
2011
3468
2077
1803
3381
1221
808
270
1233
273
1439
1552
2205
123
2826
1056
2055
2426
228
646
2754
18
3014
216
1945
359
804
2787
3351
1494
2822
1329
1575
12
2354
3001
1751
1381
664
3151
593
236
42
685
1734
3477
2831
2690
1545
2112
3219
182
1520
1238
3487
101
1928
2078
1852
960
2924
2375
1746
595
1586
2173
2922
1295
2035
274
2958
148
64
3322
2080
2351
3329
380
898
1373
242
2884
2546
508
486
168
2868
2178
2799
145
1187
483
1568
821
2615
266
2534
2091
1049
2347
294
1667
2352
1324
3076
2057
2739
2928
894
852
3194
1279
1166
1821
3145
2046
125
1206
2288
2504
885
276
2463
2026
1758
1292
2047
2414
1882
312
2827
1775
888
1707
1294
3292
759
152
2864
329
2793
2897
262
2651
2355
3454
3230
2865
3173
1867
2965
2024
1298
577
1849
887
348
1959
356
2145
965
2182
937
1929
1830
1814
1785
69
164
2726
1881
3303
3269
803
2542
994
3083
987
893
1135
2844
2246
84
503
3086
2294
2758
1282
3436
1444
1046
1880
293
1765
3291
3197
914
2909
2597
1583
1463
2418
2978
1644
651
1920
260
2653
2757
1485
391
2090
1939
3006
2127
2475
1471
1991
1703
836
680
1287
672
257
1163
1560
1305
590
1853
588
399
2778
3307
2955
861
1940
3009
3426
2664
452
3502
2695
2639
3453
545
169
259
512
126
1138
200
2107
395
128
2394
1248
602
2041
3024
2059
2847
904
1932
1647
1805
1213
1869
2123
2891
5
984
9
1986
828
1205
227
3428
1547
343
2482
371
612
282
36
1435
3130
2860
1952
445
3123
2412
2657
3235
3324
1384
1820
497
1514
639
1087
2581
2971
3191
1119
2493
1076
77
1353
906
2369
1931
3096
1874
1144
1907
2519
3444
1432
1239
2274
2748
2302
2510
2731
569
144
3131
921
2747
1038
2420
2018
2616
2645
301
3172
572
2815
872
1538
3237
1601
3448
2297
1857
1229
2558
3345
287
890
1077
460
1661
271
2140
589
3280
1516
3350
2576
6
3480
390
2289
1870
3119
1008
431
2389
824
2227
1121
3139
2138
715
1877
1045
3095
2135
3124
3430
1796
924
2017
3245
813
3042
3121
48
1673
2580
2499
334
1117
136
2038
181
907
1799
1843
923
1677
66
900
2610
490
837
3341
2448
1573
2517
533
1454
2259
1089
3470
1172
1534
2521
2495
2110
96
1919
1891
289
14
767
2209
1597
1742
1223
2883
208
2113
2848
514
249
2573
2746
3452
1409
2225
763
536
2548
414
3066
2095
1006
3141
2820
1581
1468
2165
211
1309
2439
2917
95
2070
2273
425
3368
327
476
1949
3396
1733
2455
2102
2540
1339
2064
2626
2212
3495
146
1782
3342
998
1118
663
2154
860
2760
1499
1040
1016
2914
3116
553
2021
247
1368
467
3152
2888
2691
1755
45
884
2430
3359
3010
3210
3185
2993
1354
1139
3199
193
290
1301
2286
1530
163
3402
2013
1412
3411
2201
3462
298
1859
1838
2056
2692
3148
1518
3503
2948
3000
3365
1950
2382
1681
2098
2621
1090
3420
417
2764
94
2712
2012
1259
1300
330
3016
422
2101
3204
3335
2496
2646
2659
1005
2957
1371
2454
2600
2503
1921
1895
2846
2388
1536
83
387
1487
631
1362
2250
74
1620
2119
2109
2202
1451
3077
1098
454
3283
2585
3032
755
1250
2456
1660
1813
1276
958
878
3404
400
1745
515
3246
2660
2327
1689
610
800
450
2711
2174
2052
1572
2570
2136
3372
1208
3417
1174
1778
3279
394
980
2873
530
3388
2399
3227
3486
3268
434
2569
1214
829
2088
2535
1947
3399
3466
3273
1084
2759
2685
1894
3382
2714
1569
199
3033
2498
2652
1906
883
1347
3079
1789
1321
1226
39
678
1927
1508
2195
85
645
3037
717
130
1383
522
2923
2471
1043
2985
1168
138
2694
238
299
2700
284
2773
2704
2437
2677
3188
1264
2649
1304
1754
2591
827
1291
3376
2275
2245
962
1911
439
1311
576
1007
2663
1044
2834
3315
963
1767
2552
797
285
150
480
761
2432
3203
1685
2249
300
3308
2806
2359
1152
2117
416
1533
1397
1527
3413
2715
1342
766
2233
704
2429
186
2368
3499
2783
2243
1394
2594
3497
3176
2562
3252
765
1756
2125
3036
2341
2335
1706
1041
3011
2334
1047
2662
2155
867
3435
2254
696
1679
1002
2137
1761
1448
796
43
1858
1600
1271
1389
3321
2723
977
106
1167
2524
3270
2278
2404
2851
1245
2228
1013
1543
347
338
976
2223
1513
109
770
72
919
3164
3501
1474
447
1177
1125
3205
2478
1392
945
1343
1204
959
1227
3183
1290
2590
1933
2040
3391
2912
3260
3107
2291
1938
2160
834
2441
666
783
594
1715
1976
1696
2037
509
944
317
1443
254
2730
601
1699
3274
2069
2736
3240
2688
2000
353
2995
952
264
3081
3105
3075
573
1764
2902
3085
3464
701
134
2893
206
2500
1060
956
693
2738
2940
1232
1030
2633
2890
2333
694
2464
1110
3047
2513
2377
2239
2260
1341
1285
863
2221
1823
1100
1091
1743
2320
3118
2560
1839
2307
424
1386
1470
2396
3344
3060
2843
2435
1201
675
3421
1736
2283
1488
600
2121
3082
1897
2898
1183
1473
2147
1712
3068
3429
1318
155
506
830
1157
1916
2675
1079
1099
868
1639
1637
8
2235
1992
1815
2473
2210
1024
2920
3258
3369
2818
1726
719
2114
1425
203
1539
2987
1729
611
3346
2317
1128
2566
1818
2458
526
1602
2170
2370
189
2252
269
3262
3289
3108
2409
2537
908
2899
3285
1983
2156
1885
637
3261
1328
3482
644
233
1720
1616
540
1191
2885
160
1982
2733
1115
3098
2541
992
2547
433
2348
3400
3326
2543
3166
3282
896
1149
870
383
3412
296
3467
2241
1274
1609
2947
1062
473
760
1489
70
2989
489
3488
1994
2230
3004
1015
2413
1198
1904
1504
2434
1749
2007
1750
975
3439
3479
1408
1039
504
1220
677
654
2316
278
1585
3167
2911
2103
3304
2640
1070
2422
1405
582
1886
3161
1337
3101
120
2913
2895
501
2076
2981
29
1275
214
1692
2141
3140
1578
585
362
1126
1242
1153
419
1102
558
3332
2001
795
3405
1826
2479
2979
3233
3243
1866
335
1003
670
780
1535
1450
1872
2951
665
3097
807
615
1615
792
1212
1812
647
2709
826
954
3349
73
3498
2611
2132
268
51
1169
895
2875
11
368
633
1458
1786
365
3312
2417
2134
961
2577
1705
1025
2862
966
2837
3298
616
1475
2719
1716
3423
428
1702
2325
1104
799
2106
2339
423
1523
2641
1346
2629
2938
304
1148
1188
2292
2483
2713
856
2094
1374
1171
1802
496
822
1589
781
358
638
1517
2606
2365
2678
805
479
2776
1063
982
132
190
2358
3472
1970
2800
1960
3378
658
1832
3125
2724
557
1723
351
1824
2115
3419
2813
2761
3232
2644
1493
528
1131
2952
2565
1085
108
1314
2886
133
3416
1161
1688
354
337
3158
2392
3433
1638
1981
469
1140
401
1461
3193
1646
706
738
2401
1001
3213
1112
2832
3174
3358
2247
1596
1851
93
3029
488
2338
2509
115
3450
2104
754
2264
1807
1603
713
3406
1303
2755
2668
3181
315
929
1253
2982
408
1509
775
1430
1165
2643
3055
2362
3347
1935
879
1366
137
1662
205
3013
63
891
613
3319
1996
1252
2702
674
2904
2016
599
2808
30
210
1218
3386
1636
1912
3263
2096
3102
373
2515
2889
448
3080
2380
1900
2298
2984
2768
2214
1107
2833
683
