>  1 1201 1139 1098 1075 936 927 788 783 735 635 615 603 574 536 530 517 487 432 418 390 388 382 381 374 354 319 315 277 273 265 233 221 212 208 198 170 169 168 151 150 149 148 147 146 145 88 87 86 57 56 55 54 53 52 39 38 7 6 5 4 3 2
>  2 1208 1187 1184 1172 1137 1099 1093 1090 1075 1074 1065 1036 1002 988 978 954 932 864 847 823 803 747 742 691 669 665 650 641 631 623 616 587 565 555 551 543 540 529 527 520 517 494 484 462 458 452 448 435 428 426 422 389 381 380 379 375 363 356 354 348 333 295 277 273 236 216 205 198 197 188 187 186 185 133 132 131 88 87 86 85 84 83 82 81 80 79 78 76 75 74 73 72 29 28 27 26 25 24 7 6 5 4 3 2 1
>  3 1212 1205 1197 1187 1162 1154 1151 1130 1112 1099 1075 1064 1058 1055 1030 1008 976 954 951 945 912 887 884 854 834 803 717 710 685 679 678 653 648 643 606 566 551 526 522 517 498 484 478 464 462 456 449 440 428 426 411 402 389 381 368 367 363 356 354 323 307 277 273 266 250 220 214 203 198 197 181 180 179 123 122 121 120 119 118 117 116 88 87 86 85 84 83 82 81 80 79 78 65 64 63 62 61 60 17 7 6 5 4 3 2 1
>  4 1201 1194 1192 1174 1142 1139 1098 1096 1075 1057 1043 1016 958 939 936 934 931 927 840 832 814 788 783 735 704 686 635 628 626 615 607 603 591 586 578 574 570 536 530 518 517 487 469 446 438 432 430 423 418 409 408 406 390 388 382 381 374 365 354 343 339 326 322 319 315 311 300 277 273 265 254 233 232 221 213 212 208 198 178 177 176 175 174 173 172 171 170 169 168 151 150 149 148 147 146 145 88 87 86 59 57 56 55 54 53 52 39 38 7 6 5 4 3 2
>  5 1215 1192 1164 1160 1134 1101 1076 1075 1064 1043 1040 1016 951 946 945 924 906 867 841 817 794 773 744 710 699 690 688 685 678 674 673 671 612 607 586 549 522 517 508 469 465 456 449 438 419 409 408 381 365 354 351 343 334 311 299 277 275 273 272 258 252 243 220 213 210 203 198 178 177 176 175 174 173 172 171 164 163 162 161 160 159 123 122 121 120 119 118 117 116 88 87 86 59 44 43 42 17 7 6 5 4 3 2
>  6 1215 1204 1201 1174 1146 1142 1139 1136 1096 1057 1003 984 979 948 931 920 906 867 841 840 832 817 814 807 791 775 704 699 690 688 686 673 671 668 637 628 626 615 607 603 591 579 578 570 561 536 535 530 522 519 518 479 474 467 465 456 449 446 445 432 430 423 418 409 406 399 390 388 382 374 351 343 339 326 322 315 308 301 300 275 258 254 243 233 232 213 212 208 203 178 177 176 175 174 173 172 171 170 169 168 167 151 150 149 148 147 146 145 123 122 121 120 119 118 117 116 59 57 56 55 54 53 52 39 38 17
>  7 1187 1184 1137 1099 1090 1075 1065 1036 954 932 864 847 823 803 747 669 665 641 631 616 587 551 543 540 529 527 520 517 484 462 428 426 422 389 381 380 379 363 356 354 333 295 277 273 205 198 197 133 132 131 130 88 87 86 85 84 83 82 81 80 79 78 29 28 27 26 25 24 7 6 5 4 3 2 1
>  8 1092 989 651 470 330 204 127 126 125 23 22 21 20 19 18
>  9 1075 517 381 354 277 273 198 88 87 86 7 6 5 4 3 2
>  10 199 94 93 92 91 90 89 10 9 8
>  11 1204 1201 1174 1147 1142 1139 1097 1096 1072 1057 1009 949 931 878 855 840 832 814 798 762 736 729 704 693 686 684 683 645 642 628 626 615 607 603 591 580 579 578 570 556 537 536 530 523 518 479 446 432 430 423 418 409 406 390 388 382 374 372 343 339 327 326 322 315 314 301 300 279 254 246 233 232 213 212 208 201 178 177 176 175 174 173 172 171 170 169 168 167 151 150 149 148 147 146 145 107 106 105 104 103 102 59 57 56 55 54 53 52 39 38 15 14 13
>  12 1075 517 381 354 277 273 198 88 87 86 7 6 5 4 3 2
>  13 1189 1188 1187 1115 1099 1075 954 803 777 680 583 558 551 542 517 484 462 436 428 426 405 404 389 381 369 363 356 354 278 277 273 245 238 200 198 197 101 100 99 98 97 96 95 88 87 86 85 84 83 82 81 80 79 78 12 11 7 6 5 4 3 2 1
>  14 1144 1092 989 722 676 651 470 412 340 330 309 215 204 184 183 182 127 126 125 124 71 70 69 68 67 66 22 21 20 19 18
>  15 1075 735 517 381 374 354 315 277 273 265 233 221 212 198 170 169 168 88 87 86 57 56 55 54 53 52 7 6 5 4 3 2
>  16 1212 1211 1192 1154 1130 1118 1086 1075 1066 1043 1016 834 801 752 698 675 653 643 607 606 586 517 478 476 469 438 420 409 408 407 402 401 381 367 365 354 343 318 311 307 287 277 273 239 214 213 198 181 180 179 178 177 176 175 174 173 172 171 88 87 86 65 64 63 62 61 60 59 7 6 5 4 3 2
>  17 1214 1196 1192 1187 1184 1178 1173 1156 1137 1135 1108 1099 1090 1075 1071 1065 1043 1036 1016 998 954 933 932 928 911 893 873 864 847 845 823 819 806 803 784 782 771 759 747 728 711 669 665 663 641 636 631 616 607 601 597 588 587 586 551 543 540 531 529 527 520 517 509 484 469 466 462 438 428 426 422 417 409 408 389 381 380 379 365 363 356 354 343 333 311 302 295 282 277 274 273 213 205 198 197 178 177 176 175 174 173 172 171 133 132 131 88 87 86 85 84 83 82 81 80 79 78 59 29 28 27 26 25 24 7 6 5 4 3 2 1
>  18 1211 1198 1149 1135 1125 1118 1086 1071 1069 1062 1006 1000 985 959 933 930 909 897 849 836 808 800 792 784 752 718 700 698 692 689 675 669 657 652 643 639 618 617 607 597 588 563 554 547 543 539 531 476 434 433 422 420 417 415 409 407 401 398 383 357 347 343 318 307 290 289 287 244 239 214 213 205 202 181 180 179 178 177 176 175 174 173 172 171 133 132 131 130 115 114 113 112 111 110 109 108 65 64 63 62 61 60 59 28 27 26 25 24 16
>  19 1184 1137 1114 1090 1075 1065 1064 1048 1036 1012 951 945 932 903 864 848 823 714 710 685 678 669 665 641 633 631 627 616 587 568 543 540 529 527 522 517 495 456 449 422 381 380 354 333 277 273 240 220 205 203 198 133 132 131 130 123 122 121 120 119 118 117 116 88 87 86 28 27 26 25 24 17 7 6 5 4 3 2
>  20 611 577 207 144 143 142 141 140 139 138 37 36
>  21 1214 1178 1167 1156 1135 1083 1071 1023 941 933 904 893 880 851 845 820 819 808 784 771 739 728 719 715 711 684 683 669 663 656 644 636 607 601 597 590 588 556 551 543 531 523 520 509 484 466 426 422 417 409 403 389 379 372 357 343 314 310 302 295 282 267 246 244 219 213 205 201 197 178 177 176 175 174 173 172 171 133 132 131 130 107 106 105 104 103 102 85 84 83 82 81 80 79 78 59 28 27 26 25 24 15 14 13 1
>  22 669 543 422 205 133 132 131 29 28 27 26 25 24
>  23 1192 1189 1188 1115 1075 1043 1016 777 680 607 586 583 558 542 517 469 438 436 409 408 405 404 381 369 365 354 343 311 278 277 273 245 238 213 200 198 178 177 176 175 174 173 172 171 101 100 99 98 97 96 95 88 87 86 59 12 11 7 6 5 4 3 2
>  24 1208 1184 1172 1137 1093 1090 1075 1074 1065 1036 1002 988 978 932 864 823 742 691 669 665 650 641 631 623 616 587 565 555 543 540 529 527 517 494 458 452 448 435 422 381 380 375 354 348 333 277 273 236 216 205 198 188 187 186 185 133 132 131 130 88 87 86 76 75 74 73 72 28 27 26 25 24 7 6 5 4 3 2
>  25 1214 1178 1167 1156 1135 1083 1071 1023 941 933 904 893 880 851 845 820 819 808 784 771 739 728 719 715 711 684 683 669 663 656 644 636 607 601 597 590 588 556 551 543 531 523 520 509 484 466 426 422 417 409 403 389 379 372 357 343 314 310 302 295 282 267 246 244 219 213 205 201 197 178 177 176 175 174 173 172 171 133 132 131 130 107 106 105 104 103 102 85 84 83 82 81 80 79 78 59 28 27 26 25 24 15 14 13 1
>  26 1187 1099 1075 954 803 778 734 705 624 551 517 484 483 462 460 428 426 389 381 363 356 354 277 273 268 237 199 198 197 94 93 92 91 90 89 88 87 86 85 84 83 82 81 80 79 78 10 9 8 7 6 5 4 3 2 1
>  27 1207 1206 1202 1201 1199 1198 1196 1194 1192 1184 1181 1176 1174 1173 1169 1168 1150 1142 1139 1137 1135 1127 1108 1104 1098 1096 1095 1091 1090 1087 1077 1075 1071 1068 1065 1057 1054 1049 1043 1039 1036 1035 1019 1016 1013 1010 1007 1006 1001 998 985 982 981 973 971 966 965 958 957 955 939 936 934 933 932 931 927 923 913 909 905 898 885 874 873 865 864 863 859 858 857 840 837 832 825 823 814 802 800 795 792 788 784 783 781 780 759 757 751 749 748 741 737 735 721 718 704 695 692 686 670 669 667 665 664 657 652 641 635 631 629 628 626 625 622 620 617 616 615 613 611 607 604 603 598 597 591 588 587 586 578 577 576 574 573 572 570 569 567 554 543 540 536 531 530 529 527 524 518 517 515 507 496 487 482 480 471 469 446 441 438 433 432 431 430 424 423 422 421 418 417 415 409 408 406 398 395 394 390 388 383 382 381 380 377 374 365 358 354 347 345 344 343 339 333 332 329 328 326 322 319 317 315 311 305 303 300 298 292 290 284 283 277 274 273 265 254 235 233 232 221 213 212 208 207 205 202 198 178 177 176 175 174 173 172 171 170 169 168 151 150 149 148 147 146 145 144 143 142 141 140 139 138 133 132 131 115 114 113 112 111 110 109 108 88 87 86 59 57 56 55 54 53 52 39 38 37 36 29 28 27 26 25 24 16 7 6 5 4 3 2
>  28 1189 1188 1187 1134 1115 1101 1099 1075 1040 954 803 777 680 674 612 583 558 551 549 542 517 508 484 462 436 428 426 419 405 404 389 381 369 363 356 354 334 299 278 277 273 272 252 245 238 210 200 198 197 164 163 162 161 160 159 101 100 99 98 97 96 95 88 87 86 85 84 83 82 81 80 79 78 44 43 42 12 11 7 6 5 4 3 2 1
>  29 1134 1101 1075 1040 674 612 549 517 508 419 381 354 334 299 277 273 272 252 210 198 164 163 162 161 160 159 88 87 86 44 43 42 7 6 5 4 3 2
>  30 669 543 422 320 205 133 132 131 130 129 128 28 27 26 25 24
>  31 701 643 513 307 214 206 181 180 179 137 136 135 134 65 64 63 62 61 60 35 34 33 32 31
>  32 1212 1154 1130 1075 834 653 643 606 517 478 402 381 367 354 307 277 273 214 198 181 180 179 88 87 86 65 64 63 62 61 60 7 6 5 4 3 2
>  33 1075 1035 1001 874 859 741 735 664 622 620 617 604 517 507 415 395 381 374 354 347 317 315 283 277 273 265 233 221 212 202 198 170 169 168 115 114 113 112 111 110 109 108 88 87 86 57 56 55 54 53 52 16 7 6 5 4 3 2
>  34 1075 517 381 354 277 273 198 88 87 86 7 6 5 4 3 2
>  35 1212 1211 1192 1154 1130 1118 1086 1075 1066 1043 1016 834 801 752 698 675 653 643 607 606 586 517 478 476 469 438 420 409 408 407 402 401 381 367 365 354 343 318 311 307 287 277 273 239 214 213 198 181 180 179 178 177 176 175 174 173 172 171 88 87 86 65 64 63 62 61 60 59 7 6 5 4 3 2
>  36 1198 1196 1192 1184 1181 1173 1137 1135 1108 1090 1075 1071 1065 1043 1036 1016 1006 998 985 957 933 932 909 885 873 864 823 800 792 784 781 759 748 718 692 669 665 657 652 641 631 620 617 616 607 604 597 588 587 586 554 543 540 531 529 527 517 469 438 433 422 417 415 409 408 398 383 381 380 365 354 347 343 333 311 290 277 274 273 235 213 205 202 198 178 177 176 175 174 173 172 171 133 132 131 115 114 113 112 111 110 109 108 88 87 86 59 29 28 27 26 25 24 16 7 6 5 4 3 2
>  37 1218 1217 1209 1198 1191 1179 1177 1173 1166 1159 1157 1153 1152 1144 1143 1135 1128 1124 1113 1106 1100 1094 1092 1085 1082 1071 1061 1053 1051 1032 1029 1027 1025 1023 1022 1006 999 996 993 989 985 983 980 977 974 967 953 952 950 942 933 918 916 915 910 909 908 904 882 880 879 876 862 861 852 851 850 844 842 838 833 820 805 800 793 792 786 785 784 779 772 769 767 755 753 750 739 732 727 725 724 723 722 718 715 709 708 701 694 692 684 683 682 681 676 669 662 661 658 657 656 655 654 652 651 647 644 630 621 619 617 607 597 596 588 584 581 560 556 554 552 550 545 544 543 533 531 528 523 513 504 486 477 475 470 459 454 453 444 433 427 425 422 417 415 413 412 409 403 398 393 392 386 383 376 372 366 361 355 347 346 343 341 340 330 314 309 306 296 294 290 281 280 276 274 269 264 263 260 257 255 248 246 242 235 226 223 222 219 215 213 206 205 204 202 201 184 183 182 178 177 176 175 174 173 172 171 137 136 135 134 133 132 131 127 126 125 124 115 114 113 112 111 110 109 108 107 106 105 104 103 102 71 70 69 68 67 66 59 35 34 33 32 31 29 28 27 26 25 24 22 21 20 19 18 16 15 14 13
>  38 1200 1173 1163 1161 1145 1142 1135 1097 1071 1068 1023 947 933 904 880 855 851 820 814 799 795 784 762 746 745 739 736 729 715 704 693 686 684 683 669 656 645 644 642 607 597 588 578 570 556 543 537 531 523 518 475 446 430 423 422 417 409 406 403 374 372 358 343 327 315 314 274 257 246 233 219 213 212 205 201 178 177 176 175 174 173 172 171 170 169 168 133 132 131 107 106 105 104 103 102 59 57 56 55 54 53 52 29 28 27 26 25 24 15 14 13
>  39 1192 1134 1101 1075 1043 1040 1016 674 612 607 586 549 517 508 469 438 419 409 408 381 365 354 343 334 311 299 277 273 272 252 213 210 198 178 177 176 175 174 173 172 171 164 163 162 161 160 159 88 87 86 59 44 43 42 7 6 5 4 3 2
>  40 522 456 449 203 199 123 122 121 120 119 118 117 116 94 93 92 91 90 89 17 10 9 8
>  41 1187 1184 1181 1170 1137 1133 1099 1090 1088 1075 1065 1045 1036 957 954 932 929 925 870 864 847 823 803 800 792 789 781 747 730 718 692 669 665 652 641 631 620 617 616 604 587 551 548 543 540 529 527 520 517 484 462 433 428 426 422 415 398 389 381 380 379 363 356 354 352 347 342 333 297 295 277 273 270 235 205 202 198 197 133 132 131 115 114 113 112 111 110 109 108 88 87 86 85 84 83 82 81 80 79 78 29 28 27 26 25 24 16 7 6 5 4 3 2 1
>  42 1201 1139 1098 1075 936 927 788 783 735 635 615 603 574 536 530 517 487 432 418 390 388 382 381 374 354 319 315 277 273 265 233 221 212 208 198 170 169 168 151 150 149 148 147 146 145 88 87 86 57 56 55 54 53 52 39 38 7 6 5 4 3 2
>  43 948 668 561 522 467 456 449 399 374 315 233 212 203 199 170 169 168 123 122 121 120 119 118 117 116 94 93 92 91 90 89 57 56 55 54 53 52 17 10 9 8
>  44 551 484 436 426 404 389 200 197 101 100 99 98 97 96 95 85 84 83 82 81 80 79 78 12 11 1
>  45 1075 936 783 635 574 517 487 418 382 381 354 319 277 273 208 198 151 150 149 148 147 146 145 88 87 86 39 38 7 6 5 4 3 2
>  46 1134 1101 1075 1040 674 612 549 517 508 419 381 354 334 299 277 273 272 252 210 198 164 163 162 161 160 159 88 87 86 44 43 42 7 6 5 4 3 2
>  47 1184 1148 1137 1117 1114 1090 1075 1065 1064 1048 1036 1012 1005 951 945 938 932 903 899 892 864 848 823 818 776 733 714 712 710 702 685 678 669 665 641 640 633 631 627 616 587 575 568 543 540 529 527 522 517 516 514 499 497 495 481 456 449 422 381 380 373 354 333 286 285 277 273 251 240 230 220 217 205 203 198 196 195 194 193 192 191 190 189 133 132 131 123 122 121 120 119 118 117 116 88 87 86 77 29 28 27 26 25 24 17 7 6 5 4 3 2
>  48 1216 1215 1209 1198 1153 1143 1138 1135 1103 1084 1081 1073 1071 1048 1034 1031 1020 1006 985 983 974 970 967 961 943 935 933 918 909 906 901 891 883 867 850 848 841 839 838 829 817 808 805 804 800 792 787 786 784 779 761 724 722 718 714 699 692 690 688 682 681 676 673 671 669 657 652 633 627 621 617 607 599 597 596 588 581 568 562 557 554 552 543 533 531 522 500 495 491 486 473 465 456 449 447 433 427 422 417 416 415 412 409 398 392 383 376 364 357 351 347 343 341 340 291 290 276 275 271 269 261 258 255 244 243 241 240 215 213 205 203 202 184 183 182 178 177 176 175 174 173 172 171 133 132 131 130 123 122 121 120 119 118 117 116 115 114 113 112 111 110 109 108 71 70 69 68 67 66 59 28 27 26 25 24 17 16
>  49 201 107 106 105 104 103 102 15 14 13
>  50 1207 1206 1204 1202 1201 1200 1198 1191 1185 1176 1174 1173 1169 1168 1163 1161 1147 1145 1142 1139 1135 1128 1104 1097 1096 1091 1087 1072 1071 1068 1057 1054 1053 1046 1035 1023 1013 1009 1006 1004 1001 996 993 986 985 973 971 966 955 949 947 933 931 915 909 904 880 878 876 874 865 863 859 858 855 851 840 832 825 820 814 802 800 799 798 797 795 792 785 784 762 751 749 746 745 741 739 736 729 718 715 708 704 696 695 693 692 686 684 683 670 669 664 657 656 652 645 644 642 628 626 625 622 617 615 607 603 598 597 591 588 580 579 578 576 573 570 569 556 554 543 537 536 531 530 523 518 507 496 482 479 475 446 433 432 431 430 423 422 418 417 415 409 406 403 398 395 390 388 383 382 374 372 366 358 347 343 339 332 327 326 322 317 315 314 301 300 290 283 281 279 274 257 254 246 242 235 233 232 219 213 212 208 205 202 201 178 177 176 175 174 173 172 171 170 169 168 167 151 150 149 148 147 146 145 133 132 131 115 114 113 112 111 110 109 108 107 106 105 104 103 102 59 57 56 55 54 53 52 39 38 29 28 27 26 25 24 16 15 14 13
>  51 1148 1117 1048 1005 938 892 848 818 733 714 712 702 669 640 633 627 568 543 522 516 514 495 456 449 422 373 285 251 240 217 205 203 196 195 194 193 192 191 190 189 133 132 131 123 122 121 120 119 118 117 116 77 29 28 27 26 25 24 17
>  52 1201 1194 1192 1174 1147 1142 1141 1139 1116 1098 1097 1096 1075 1072 1057 1043 1016 1009 962 958 949 939 937 936 934 931 927 902 878 855 840 832 824 814 812 798 788 783 762 736 735 729 704 693 686 684 683 672 645 642 635 628 626 615 607 603 595 591 586 580 578 574 570 556 537 536 530 523 518 517 487 469 446 438 432 430 423 418 409 408 406 397 396 390 388 382 381 374 372 371 365 354 343 339 327 326 322 319 315 314 311 300 277 273 265 254 246 233 232 221 213 212 208 201 198 178 177 176 175 174 173 172 171 170 169 168 151 150 149 148 147 146 145 107 106 105 104 103 102 88 87 86 59 57 56 55 54 53 52 39 38 15 14 13 7 6 5 4 3 2
>  53 1201 1183 1176 1169 1139 1105 1015 1011 966 875 872 863 856 846 758 720 695 669 638 625 615 610 603 598 551 543 536 530 520 512 503 496 484 442 432 431 426 422 418 390 389 388 382 379 374 358 338 335 332 315 295 233 212 208 205 197 170 169 168 151 150 149 148 147 146 145 133 132 131 130 85 84 83 82 81 80 79 78 57 56 55 54 53 52 39 38 28 27 26 25 24 1
>  54 1212 1205 1197 1187 1166 1162 1159 1154 1151 1143 1140 1130 1112 1106 1099 1088 1075 1064 1062 1058 1055 1045 1031 1030 1020 1008 976 974 954 951 945 929 925 917 912 901 887 884 870 861 854 842 839 834 829 821 803 793 789 787 767 764 761 755 727 725 722 717 710 701 697 685 681 679 678 676 662 659 658 653 648 643 630 621 620 619 618 617 606 605 604 599 589 566 563 562 557 553 552 551 548 547 526 522 517 513 498 493 491 484 478 477 473 464 462 457 456 453 449 447 444 440 434 428 426 425 416 415 413 412 411 402 391 389 386 381 378 368 367 364 363 361 356 355 354 352 347 342 340 336 325 323 307 306 297 291 280 277 273 271 270 269 266 261 256 250 241 228 226 223 220 215 214 206 203 202 198 197 184 183 182 181 180 179 137 136 135 134 123 122 121 120 119 118 117 116 115 114 113 112 111 110 109 108 88 87 86 85 84 83 82 81 80 79 78 71 70 69 68 67 66 65 64 63 62 61 60 35 34 33 32 31 17 16 7 6 5 4 3 2 1
>  55 1212 1211 1192 1154 1130 1118 1086 1075 1066 1043 1016 834 801 752 698 675 653 643 607 606 586 517 478 476 469 438 420 409 408 407 402 401 381 367 365 354 343 318 311 307 287 277 273 239 214 213 198 181 180 179 178 177 176 175 174 173 172 171 88 87 86 65 64 63 62 61 60 59 7 6 5 4 3 2
>  56 1204 1075 735 517 479 381 374 354 315 301 277 273 265 233 221 212 198 170 169 168 167 88 87 86 57 56 55 54 53 52 7 6 5 4 3 2
>  57 1201 1139 1098 1075 936 927 788 783 735 635 615 603 574 536 530 517 487 432 418 390 388 382 381 374 354 319 315 277 273 265 233 221 212 208 198 170 169 168 151 150 149 148 147 146 145 88 87 86 57 56 55 54 53 52 39 38 7 6 5 4 3 2
>  58 1092 989 722 676 651 643 470 412 340 330 307 215 214 204 184 183 182 181 180 179 127 126 125 71 70 69 68 67 66 65 64 63 62 61 60 23 22 21 20 19 18
>  59 1075 517 381 354 277 273 198 88 87 86 7 6 5 4 3 2
>  60 1140 1075 1064 951 945 710 701 685 678 589 553 522 517 513 493 457 456 449 381 378 354 336 277 273 220 206 203 198 137 136 135 134 123 122 121 120 119 118 117 116 88 87 86 35 34 33 32 31 17 7 6 5 4 3 2
>  61 1166 1140 1106 1077 1075 1010 982 981 913 842 701 630 629 620 617 613 611 604 589 577 572 567 553 524 517 513 493 480 457 444 441 421 415 413 386 381 378 377 354 347 345 344 336 329 328 306 303 298 284 280 277 273 226 207 206 202 198 144 143 142 141 140 139 138 137 136 135 134 115 114 113 112 111 110 109 108 88 87 86 37 36 35 34 33 32 31 16 7 6 5 4 3 2
>  62 1218 1217 1209 1198 1179 1177 1166 1159 1157 1153 1143 1138 1135 1124 1106 1100 1071 1032 1027 1025 1006 985 983 977 974 967 953 950 933 918 910 909 890 882 879 862 861 852 850 842 838 833 808 805 800 793 792 786 784 779 769 767 755 727 725 724 722 718 709 701 692 682 681 676 669 662 658 657 655 652 630 621 619 617 607 597 596 588 581 560 554 552 544 543 533 531 528 513 500 486 477 459 453 444 433 427 425 422 417 415 413 412 409 398 392 386 383 376 361 357 355 347 343 341 340 306 296 290 280 276 269 255 244 226 223 215 213 206 205 202 184 183 182 178 177 176 175 174 173 172 171 137 136 135 134 133 132 131 130 115 114 113 112 111 110 109 108 71 70 69 68 67 66 59 35 34 33 32 31 28 27 26 25 24 16
>  63
>  64 1075 620 617 604 517 415 381 354 347 277 273 202 198 115 114 113 112 111 110 109 108 88 87 86 16 7 6 5 4 3 2
>  65 1148 1117 1069 1000 938 930 892 866 826 818 733 712 702 700 689 669 643 640 639 594 543 539 516 514 422 373 370 307 289 251 217 214 205 196 195 194 193 192 191 190 189 181 180 179 133 132 131 77 65 64 63 62 61 60 29 28 27 26 25 24
>  66 1192 1126 1075 1043 1016 975 778 768 734 713 705 687 646 624 607 586 546 517 483 469 460 438 437 414 409 408 381 365 354 349 343 311 277 273 268 237 229 218 213 199 198 178 177 176 175 174 173 172 171 94 93 92 91 90 89 88 87 86 59 10 9 8 7 6 5 4 3 2
>  67 1170 1133 1080 1045 889 830 800 792 730 718 692 669 652 617 551 548 543 520 484 433 426 422 415 398 389 379 352 347 342 320 297 295 270 235 205 202 197 133 132 131 130 129 128 115 114 113 112 111 110 109 108 85 84 83 82 81 80 79 78 29 28 27 26 25 24 16 1
>  68 1216 1215 1209 1198 1186 1153 1143 1138 1135 1103 1084 1081 1073 1071 1070 1048 1034 1031 1020 1006 985 983 974 970 968 967 963 961 943 940 935 933 926 918 914 909 906 901 894 891 883 867 850 848 841 839 838 829 817 816 810 808 805 804 800 792 787 786 784 779 768 761 740 724 722 718 714 713 703 699 692 690 688 687 682 681 676 673 671 669 657 652 646 633 627 621 617 607 599 597 596 593 588 581 568 562 557 554 552 546 543 533 531 522 506 500 495 491 489 486 485 473 465 456 449 447 437 433 427 422 417 416 415 414 412 409 398 392 383 376 364 359 357 353 351 349 347 343 341 340 324 313 304 291 290 276 275 271 269 261 258 255 244 243 241 240 229 227 225 218 215 213 205 203 202 199 184 183 182 178 177 176 175 174 173 172 171 133 132 131 130 123 122 121 120 119 118 117 116 115 114 113 112 111 110 109 108 94 93 92 91 90 89 71 70 69 68 67 66 59 28 27 26 25 24 17 16 10 9 8
>  69
>  70 1210 1205 1197 1195 1187 1162 1155 1151 1112 1099 1092 1079 1075 1067 1064 1058 1055 1044 1037 1017 994 989 976 954 951 945 912 887 884 854 803 790 756 731 726 710 685 679 678 660 651 648 634 602 571 566 551 526 522 517 510 498 484 470 464 462 456 449 440 428 426 389 381 363 360 356 354 330 323 312 277 273 266 253 247 224 220 204 203 198 197 127 126 125 123 122 121 120 119 118 117 116 88 87 86 85 84 83 82 81 80 79 78 23 22 21 20 19 18 17 7 6 5 4 3 2 1
>  71 1192 1075 1043 1016 917 850 821 764 724 722 697 682 676 659 607 605 596 586 517 486 469 438 427 412 409 408 391 381 365 354 343 340 325 311 277 273 256 228 215 213 198 184 183 182 178 177 176 175 174 173 172 171 88 87 86 71 70 69 68 67 66 59 7 6 5 4 3 2
>  72 1206 1204 1202 1200 1198 1191 1185 1173 1163 1161 1145 1142 1135 1128 1097 1071 1068 1053 1046 1035 1023 1006 1001 996 993 985 955 947 933 915 909 904 880 876 874 859 855 851 820 814 808 802 800 799 797 795 792 785 784 762 751 746 745 741 739 736 729 718 715 708 704 696 693 692 686 684 683 669 664 657 656 652 645 644 642 622 617 607 597 590 588 579 578 570 556 554 543 537 531 523 518 507 479 475 446 443 433 430 423 422 417 415 409 406 403 398 395 383 374 372 366 358 357 347 343 327 317 315 314 301 290 283 281 279 274 257 246 244 242 235 233 219 213 212 205 202 201 178 177 176 175 174 173 172 171 170 169 168 167 133 132 131 130 115 114 113 112 111 110 109 108 107 106 105 104 103 102 59 57 56 55 54 53 52 30 29 28 27 26 25 24 16 15 14 13
>  73 1192 1075 1043 1016 607 586 517 469 438 409 408 381 365 354 343 311 277 273 213 198 178 177 176 175 174 173 172 171 88 87 86 59 7 6 5 4 3 2
>  74 1201 1194 1192 1174 1142 1139 1098 1096 1075 1057 1043 1016 958 939 936 934 931 927 840 832 814 788 783 735 704 686 635 628 626 615 607 603 591 586 578 574 570 536 530 518 517 487 469 446 438 432 430 423 418 409 408 406 390 388 382 381 374 365 354 343 339 326 322 319 315 311 300 277 273 265 254 233 232 221 213 212 208 198 178 177 176 175 174 173 172 171 170 169 168 151 150 149 148 147 146 145 88 87 86 59 57 56 55 54 53 52 39 38 7 6 5 4 3 2
>  75 1069 1000 930 700 689 669 643 639 539 422 320 307 289 214 205 181 180 179 133 132 131 130 129 128 65 64 63 62 61 60 26 25 24
>  76 1174 1057 931 840 628 626 607 591 418 409 382 343 339 326 322 300 254 232 213 208 178 177 176 175 174 173 172 171 151 150 149 148 147 146 145 59 39 38
>  77 1134 1101 1075 1064 1040 951 945 710 685 678 674 612 549 522 517 508 456 449 419 381 354 334 299 277 273 272 252 220 210 203 198 164 163 162 161 160 159 123 122 121 120 119 118 117 116 88 87 86 44 43 42 17 7 6 5 4 3 2
>  78 1075 517 381 354 277 273 198 88 87 86 7 6 5 4 3 2
>  79 1198 1192 1075 1043 1016 985 909 885 748 657 620 617 607 604 586 554 517 469 438 415 409 408 383 381 365 354 347 343 311 290 277 273 213 202 198 178 177 176 175 174 173 172 171 115 114 113 112 111 110 109 108 88 87 86 59 16 7 6 5 4 3 2
>  80 1210 1195 1193 1192 1155 1121 1092 1075 1067 1043 1029 1016 994 989 756 694 654 651 634 607 586 584 571 545 517 510 470 469 438 409 408 381 365 354 343 330 312 311 277 273 253 247 222 213 204 198 178 177 176 175 174 173 172 171 127 126 125 88 87 86 59 23 22 21 20 19 18 7 6 5 4 3 2
>  81 1204 1201 1174 1142 1139 1096 1057 931 840 832 814 704 686 628 626 615 607 603 591 579 578 570 536 530 518 479 446 432 430 423 418 409 406 390 388 382 374 343 339 326 322 315 301 300 254 233 232 213 212 208 178 177 176 175 174 173 172 171 170 169 168 167 151 150 149 148 147 146 145 59 57 56 55 54 53 52 39 38
>  82 1134 1101 1075 1064 1040 951 945 710 685 678 674 612 549 522 517 508 456 449 419 381 354 334 299 277 273 272 252 220 210 203 198 164 163 162 161 160 159 123 122 121 120 119 118 117 116 88 87 86 44 43 42 17 7 6 5 4 3 2
>  83 1192 1189 1188 1115 1075 1043 1016 777 680 607 586 583 558 542 517 469 438 436 409 408 405 404 381 369 365 354 343 311 278 277 273 245 238 213 200 198 178 177 176 175 174 173 172 171 101 100 99 98 97 96 95 88 87 86 59 12 11 7 6 5 4 3 2
>  84 1204 1201 1174 1147 1142 1139 1097 1096 1072 1057 1009 949 931 878 855 840 832 814 798 762 736 729 704 693 686 684 683 645 642 628 626 615 607 603 591 580 579 578 570 556 537 536 530 523 518 479 446 432 430 423 418 409 406 390 388 382 374 372 343 339 327 326 322 315 314 301 300 279 254 246 233 232 213 212 208 201 178 177 176 175 174 173 172 171 170 169 168 167 151 150 149 148 147 146 145 107 106 105 104 103 102 59 57 56 55 54 53 52 39 38 15 14 13
>  85 861 793 727 725 722 701 676 662 658 619 513 477 453 425 412 361 355 340 223 215 206 184 183 182 137 136 135 134 71 70 69 68 67 66 35 34 33 32 31
>  86 643 611 577 534 490 307 214 207 201 181 180 179 144 143 142 141 140 139 138 107 106 105 104 103 102 65 64 63 62 61 60 37 36 15 14 13
>  87 1192 1075 1043 1016 607 586 517 469 438 409 408 381 365 354 343 311 277 273 213 198 178 177 176 175 174 173 172 171 88 87 86 59 7 6 5 4 3 2
>  88 1192 1189 1188 1115 1075 1043 1016 777 680 607 586 583 558 542 517 469 438 436 409 408 405 404 381 369 365 354 343 311 278 277 273 245 238 213 200 198 178 177 176 175 174 173 172 171 101 100 99 98 97 96 95 88 87 86 59 12 11 7 6 5 4 3 2
>  89 1075 1064 1010 951 945 716 710 685 678 613 611 577 572 567 541 522 517 501 456 449 441 384 381 354 329 328 277 273 220 209 207 203 198 158 157 156 155 154 153 152 144 143 142 141 140 139 138 123 122 121 120 119 118 117 116 88 87 86 41 40 37 36 17 7 6 5 4 3 2
>  90
>  91 1189 1188 1115 1075 777 680 583 558 542 517 436 405 404 381 369 354 278 277 273 245 238 200 198 101 100 99 98 97 96 95 88 87 86 12 11 7 6 5 4 3 2
>  92 1192 1189 1188 1115 1075 1043 1016 777 680 607 586 583 558 542 517 469 438 436 409 408 405 404 381 369 365 354 343 311 278 277 273 245 238 213 200 198 178 177 176 175 174 173 172 171 101 100 99 98 97 96 95 88 87 86 59 12 11 7 6 5 4 3 2
>  93 1201 1194 1192 1174 1142 1139 1098 1096 1075 1057 1043 1016 958 939 936 934 931 927 840 832 814 788 783 735 704 686 635 628 626 615 607 603 591 586 578 574 570 536 530 518 517 487 469 446 438 432 430 423 418 409 408 406 390 388 382 381 374 365 354 343 339 326 322 319 315 311 300 277 273 265 254 233 232 221 213 212 208 198 178 177 176 175 174 173 172 171 170 169 168 151 150 149 148 147 146 145 88 87 86 59 57 56 55 54 53 52 39 38 7 6 5 4 3 2
>  94 1204 1196 1192 1185 1184 1173 1142 1137 1135 1108 1095 1090 1075 1071 1068 1065 1043 1036 1016 998 958 933 932 873 864 823 814 795 784 759 757 737 735 704 686 669 665 641 631 616 607 597 588 587 586 579 578 570 543 540 531 529 527 518 517 479 469 438 430 423 422 417 409 408 381 380 365 358 354 343 333 315 311 301 277 274 273 265 221 213 212 205 198 178 177 176 175 174 173 172 171 170 169 168 167 133 132 131 88 87 86 59 56 55 54 53 52 29 28 27 26 25 24 7 6 5 4 3 2
>  95 1184 1171 1137 1123 1120 1114 1109 1090 1075 1065 1064 1048 1036 1023 1021 1012 951 945 937 932 903 902 864 851 848 827 823 822 770 765 743 715 714 710 685 678 672 669 665 656 644 641 633 631 627 616 595 590 587 568 559 543 540 529 527 522 517 495 456 450 449 422 403 397 396 381 380 371 362 354 333 331 277 273 240 220 219 205 203 201 198 133 132 131 130 123 122 121 120 119 118 117 116 107 106 105 104 103 102 88 87 86 28 27 26 25 24 17 15 14 13 7 6 5 4 3 2
>  96 1198 1173 1135 1071 1006 985 933 909 800 792 784 718 692 669 657 652 617 607 597 588 554 543 531 433 422 417 415 409 398 383 347 343 290 274 235 213 205 202 178 177 176 175 174 173 172 171 133 132 131 115 114 113 112 111 110 109 108 59 29 28 27 26 25 24 16
>  97 1075 517 381 354 277 273 198 88 87 86 7 6 5 4 3 2
>  98 1194 1192 1174 1075 1057 1043 1016 939 936 934 931 840 783 635 628 626 607 591 586 574 517 487 469 438 418 409 408 382 381 365 354 343 339 326 322 319 311 300 277 273 254 232 213 208 198 178 177 176 175 174 173 172 171 151 150 149 148 147 146 145 88 87 86 59 39 38 7 6 5 4 3 2
>  99 1187 1184 1148 1137 1117 1099 1090 1075 1065 1036 954 938 932 899 892 864 847 823 818 803 776 747 733 712 702 669 665 641 640 631 616 587 575 551 543 540 529 527 520 517 516 514 499 497 484 481 462 428 426 422 389 381 380 379 373 363 356 354 333 295 286 277 273 251 230 217 205 198 197 196 195 194 193 192 191 190 189 133 132 131 130 88 87 86 85 84 83 82 81 80 79 78 77 29 28 27 26 25 24 7 6 5 4 3 2 1
>  100 1215 1204 1201 1174 1146 1142 1139 1136 1096 1057 1003 984 979 948 931 920 906 867 841 840 832 817 814 807 791 775 704 699 690 688 686 673 671 668 637 628 626 615 607 603 591 579 578 570 561 536 535 530 522 519 518 479 474 467 465 456 449 446 445 432 430 423 418 409 406 399 390 388 382 374 351 343 339 326 322 315 308 301 300 275 258 254 243 233 232 213 212 208 203 178 177 176 175 174 173 172 171 170 169 168 167 151 150 149 148 147 146 145 123 122 121 120 119 118 117 116 59 57 56 55 54 53 52 39 38 17
>  101 1216 1215 1206 1202 1198 1146 1142 1135 1103 1084 1081 1073 1071 1068 1048 1035 1034 1006 1001 985 970 961 955 948 943 935 933 920 909 906 891 883 874 867 859 848 841 839 817 814 808 804 802 800 795 792 787 784 761 741 718 714 704 699 692 690 688 686 673 671 669 668 664 657 652 633 627 622 617 607 597 588 578 570 568 562 561 554 543 531 522 518 507 495 491 473 467 465 456 449 447 446 433 430 423 422 417 416 415 409 406 399 398 395 383 374 358 357 351 347 343 317 315 290 283 275 258 244 243 240 233 213 212 205 203 202 178 177 176 175 174 173 172 171 170 169 168 133 132 131 130 123 122 121 120 119 118 117 116 115 114 113 112 111 110 109 108 59 57 56 55 54 53 52 28 27 26 25 24 17 16
>  102 1075 1064 951 945 710 685 678 522 517 456 449 381 354 277 273 220 203 198 123 122 121 120 119 118 117 116 88 87 86 17 7 6 5 4 3 2
>  103 1207 1203 1187 1182 1105 1099 1088 1075 1045 1026 1013 969 954 936 929 925 870 865 857 856 803 789 783 774 670 635 620 617 610 604 574 573 569 551 548 517 487 484 482 462 442 428 426 418 415 389 382 381 363 356 354 352 347 342 338 335 319 297 277 273 270 208 202 198 197 151 150 149 148 147 146 145 115 114 113 112 111 110 109 108 88 87 86 85 84 83 82 81 80 79 78 39 38 16 7 6 5 4 3 2 1
>  104 1189 1188 1187 1115 1099 1075 954 803 777 680 583 558 551 542 517 484 462 436 428 426 405 404 389 381 369 363 356 354 278 277 273 245 238 200 198 197 101 100 99 98 97 96 95 88 87 86 85 84 83 82 81 80 79 78 12 11 7 6 5 4 3 2 1
>  105 1040 892 861 793 727 725 722 701 676 662 658 640 619 612 514 513 508 477 453 425 412 361 355 340 252 223 217 215 210 206 196 195 194 193 192 191 190 189 184 183 182 164 163 162 161 160 159 137 136 135 134 77 71 70 69 68 67 66 44 43 42 35 34 33 32 31
>  106
>  107 1075 1064 951 945 710 685 678 522 517 456 449 381 354 277 273 220 203 198 123 122 121 120 119 118 117 116 88 87 86 17 7 6 5 4 3 2
>  108 1204 1201 1174 1142 1139 1096 1057 931 840 832 814 704 686 628 626 615 607 603 591 579 578 570 536 530 518 479 446 432 430 423 418 409 406 390 388 382 374 343 339 326 322 315 301 300 254 233 232 213 212 208 178 177 176 175 174 173 172 171 170 169 168 167 151 150 149 148 147 146 145 59 57 56 55 54 53 52 39 38
>  109 1134 1101 1075 1040 674 612 549 517 508 419 381 354 334 299 277 273 272 252 210 198 164 163 162 161 160 159 88 87 86 44 43 42 7 6 5 4 3 2
>  110 1215 1204 1201 1174 1171 1147 1146 1142 1139 1136 1097 1096 1072 1057 1028 1009 1003 984 979 964 949 948 931 920 906 888 878 867 855 841 840 832 817 814 807 798 791 775 762 736 729 704 699 693 690 688 686 684 683 673 671 668 645 642 637 628 626 615 607 603 591 580 579 578 570 561 559 556 537 536 535 530 523 522 519 518 479 474 467 465 456 450 449 446 445 432 430 423 418 409 406 399 390 388 382 374 372 362 351 343 339 331 327 326 322 315 314 308 301 300 279 275 258 254 246 243 233 232 213 212 208 203 201 178 177 176 175 174 173 172 171 170 169 168 167 151 150 149 148 147 146 145 123 122 121 120 119 118 117 116 107 106 105 104 103 102 59 57 56 55 54 53 52 39 38 17 15 14 13
>  111 1174 1173 1169 1168 1147 1135 1091 1072 1071 1057 1023 1009 966 949 933 931 904 880 878 858 851 840 825 820 798 784 739 715 695 684 683 669 656 644 628 626 625 607 598 597 591 588 580 576 556 543 531 523 496 475 431 422 418 417 409 403 382 372 343 339 332 326 322 314 300 274 257 254 246 232 219 213 208 205 201 178 177 176 175 174 173 172 171 151 150 149 148 147 146 145 133 132 131 107 106 105 104 103 102 59 39 38 29 28 27 26 25 24 15 14 13
>  112 522 456 449 203 123 122 121 120 119 118 117 116 17
>  113 1216 1215 1209 1198 1191 1171 1153 1143 1138 1135 1128 1123 1109 1103 1084 1081 1073 1071 1048 1034 1031 1028 1023 1020 1006 996 993 985 983 974 970 967 964 961 943 935 933 918 909 906 904 901 891 888 883 880 876 867 851 850 848 841 839 838 829 827 820 817 808 805 804 800 792 787 786 785 784 779 770 761 739 724 722 718 715 714 708 699 692 690 688 684 683 682 681 676 673 671 669 657 656 652 644 633 627 621 617 607 599 597 596 590 588 581 568 562 559 557 556 554 552 543 533 531 523 522 500 495 491 486 473 465 456 450 449 447 433 427 422 417 416 415 412 409 403 398 392 383 376 372 366 364 362 357 351 347 343 341 340 331 314 291 290 281 276 275 271 269 261 258 255 246 244 243 242 241 240 219 215 213 205 203 202 201 184 183 182 178 177 176 175 174 173 172 171 133 132 131 130 123 122 121 120 119 118 117 116 115 114 113 112 111 110 109 108 107 106 105 104 103 102 71 70 69 68 67 66 59 28 27 26 25 24 17 16 15 14 13
>  114 1075 936 783 635 574 517 487 418 382 381 354 319 277 273 208 198 151 150 149 148 147 146 145 88 87 86 39 38 7 6 5 4 3 2
>  115 1184 1150 1137 1127 1090 1075 1065 1049 1036 1010 1007 965 932 923 898 864 823 780 669 667 665 641 631 616 613 611 587 577 572 567 543 540 529 527 517 515 471 441 424 422 394 381 380 354 333 329 328 292 277 273 207 205 198 144 143 142 141 140 139 138 133 132 131 130 88 87 86 37 36 28 27 26 25 24 7 6 5 4 3 2
>  116 1215 1204 1201 1174 1171 1147 1146 1142 1139 1136 1097 1096 1072 1057 1028 1009 1003 984 979 964 949 948 931 920 906 888 878 867 855 841 840 832 817 814 807 798 791 775 762 736 729 704 699 693 690 688 686 684 683 673 671 668 645 642 637 628 626 615 607 603 591 580 579 578 570 561 559 556 537 536 535 530 523 522 519 518 479 474 467 465 456 450 449 446 445 432 430 423 418 409 406 399 390 388 382 374 372 362 351 343 339 331 327 326 322 315 314 308 301 300 279 275 258 254 246 243 233 232 213 212 208 203 201 178 177 176 175 174 173 172 171 170 169 168 167 151 150 149 148 147 146 145 123 122 121 120 119 118 117 116 107 106 105 104 103 102 59 57 56 55 54 53 52 39 38 17 15 14 13
>  117 1215 1192 1189 1188 1164 1160 1115 1076 1075 1064 1043 1016 951 946 945 924 906 867 841 817 794 777 773 744 710 699 690 688 685 680 678 673 671 607 586 583 558 542 522 517 469 465 456 449 438 436 409 408 405 404 381 369 365 354 351 343 311 278 277 275 273 258 245 243 238 220 213 203 200 198 178 177 176 175 174 173 172 171 123 122 121 120 119 118 117 116 101 100 99 98 97 96 95 88 87 86 59 17 12 11 7 6 5 4 3 2
>  118 1174 1173 1169 1168 1135 1091 1071 1057 966 933 931 858 840 825 784 695 669 628 626 625 607 598 597 591 588 576 543 531 496 431 422 418 417 409 382 343 339 332 326 322 300 274 254 232 213 208 205 178 177 176 175 174 173 172 171 151 150 149 148 147 146 145 133 132 131 59 39 38 29 28 27 26 25 24
>  119 1075 1064 984 979 951 945 936 871 815 807 783 775 710 685 678 637 635 574 535 522 519 517 487 474 456 449 445 418 382 381 354 319 308 277 273 220 208 203 198 151 150 149 148 147 146 145 123 122 121 120 119 118 117 116 88 87 86 39 38 17 7 6 5 4 3 2
>  120 1198 985 909 657 617 607 554 415 409 383 347 343 290 213 202 178 177 176 175 174 173 172 171 115 114 113 112 111 110 109 108 59 16
>  121 1218 1217 1209 1198 1179 1177 1166 1159 1157 1153 1143 1138 1135 1124 1106 1100 1071 1032 1027 1025 1006 985 983 977 974 967 953 950 933 918 910 909 890 882 879 862 861 852 850 842 838 833 808 805 800 793 792 786 784 779 769 767 755 727 725 724 722 718 709 701 692 682 681 676 669 662 658 657 655 652 630 621 619 617 607 597 596 588 581 560 554 552 544 543 533 531 528 513 500 486 477 459 453 444 433 427 425 422 417 415 413 412 409 398 392 386 383 376 361 357 355 347 343 341 340 306 296 290 280 276 269 255 244 226 223 215 213 206 205 202 184 183 182 178 177 176 175 174 173 172 171 137 136 135 134 133 132 131 130 115 114 113 112 111 110 109 108 71 70 69 68 67 66 59 35 34 33 32 31 28 27 26 25 24 16
>  122 1204 1185 1161 1145 1097 1023 947 851 799 745 715 693 669 656 645 644 642 590 543 537 479 422 403 358 327 315 301 279 219 212 205 201 170 169 168 167 133 132 131 130 107 106 105 104 103 102 55 54 53 52 28 27 26 25 24 15 14 13
>  123 1191 1171 1123 1109 1084 1053 1048 1023 1005 996 915 876 851 848 839 827 800 792 787 785 770 761 718 715 714 708 692 669 656 652 644 633 627 617 568 562 559 543 522 495 491 475 473 456 450 449 447 433 422 416 415 403 398 366 362 347 331 285 281 257 242 240 235 219 205 203 202 201 133 132 131 123 122 121 120 119 118 117 116 115 114 113 112 111 110 109 108 107 106 105 104 103 102 29 28 27 26 25 24 17 16 15 14 13
>  124
>  125 1144 1092 989 651 611 577 470 330 309 207 204 144 143 142 141 140 139 138 127 126 125 124 37 36 22 21 20 19 18
>  126 1214 1178 1032 1027 1025 852 845 819 771 728 711 709 701 663 655 636 607 601 551 528 513 509 484 466 459 436 426 409 404 389 343 302 282 213 206 200 197 178 177 176 175 174 173 172 171 137 136 135 134 101 100 99 98 97 96 95 85 84 83 82 81 80 79 78 59 35 34 33 32 31 12 11 1
>  127 1218 1217 1216 1215 1209 1198 1179 1177 1166 1159 1157 1153 1143 1138 1135 1124 1106 1103 1100 1084 1081 1073 1071 1048 1034 1032 1031 1027 1025 1020 1006 985 983 977 974 970 967 961 953 950 943 935 933 918 910 909 906 901 891 890 883 882 879 867 862 861 852 850 848 842 841 839 838 833 829 817 808 805 804 800 793 792 787 786 784 779 769 767 761 755 727 725 724 722 718 714 709 701 699 692 690 688 682 681 676 673 671 669 662 658 657 655 652 633 630 627 621 619 617 607 599 597 596 588 581 568 562 560 557 554 552 544 543 533 531 528 522 513 500 495 491 486 477 473 465 459 456 453 449 447 444 433 427 425 422 417 416 415 413 412 409 398 392 386 383 376 364 361 357 355 351 347 343 341 340 306 296 291 290 280 276 275 271 269 261 258 255 244 243 241 240 226 223 215 213 206 205 203 202 184 183 182 178 177 176 175 174 173 172 171 137 136 135 134 133 132 131 130 123 122 121 120 119 118 117 116 115 114 113 112 111 110 109 108 71 70 69 68 67 66 59 35 34 33 32 31 28 27 26 25 24 17 16
>  128 1048 1005 848 714 669 633 627 568 543 522 495 456 449 422 285 240 205 203 133 132 131 123 122 121 120 119 118 117 116 29 28 27 26 25 24 17
>  129 1209 1198 1153 1143 1138 1135 1071 1006 985 983 974 967 933 918 909 850 838 808 805 800 792 786 784 779 724 722 718 692 682 681 676 669 657 652 621 617 607 597 596 588 581 554 552 543 533 531 500 486 433 427 422 417 415 412 409 398 392 383 376 357 347 343 341 340 290 276 269 255 244 215 213 205 202 184 183 182 178 177 176 175 174 173 172 171 133 132 131 130 115 114 113 112 111 110 109 108 71 70 69 68 67 66 59 28 27 26 25 24 16
>  130 965 898 780 669 667 611 577 543 515 471 424 422 394 320 292 207 205 144 143 142 141 140 139 138 133 132 131 130 129 128 37 36 28 27 26 25 24
>  131 1075 517 381 354 277 273 198 88 87 86 7 6 5 4 3 2
>  132 1077 982 981 913 629 617 611 577 524 480 421 415 377 347 345 344 303 298 284 207 202 144 143 142 141 140 139 138 115 114 113 112 111 110 109 108 37 36 16
>  133 1192 1126 1075 1043 1016 975 778 768 734 713 705 687 646 624 607 586 546 517 483 469 460 438 437 414 409 408 381 365 354 349 343 311 277 273 268 237 229 218 213 199 198 178 177 176 175 174 173 172 171 94 93 92 91 90 89 88 87 86 59 10 9 8 7 6 5 4 3 2
>  134 1204 1201 1174 1142 1139 1096 1057 931 840 832 814 704 686 628 626 615 607 603 591 579 578 570 536 530 518 479 446 432 430 423 418 409 406 390 388 382 374 343 339 326 322 315 301 300 254 233 232 213 212 208 178 177 176 175 174 173 172 171 170 169 168 167 151 150 149 148 147 146 145 59 57 56 55 54 53 52 39 38
>  135 1075 937 902 672 595 517 397 396 381 371 354 277 273 201 198 107 106 105 104 103 102 88 87 86 15 14 13 7 6 5 4 3 2
>  136 948 668 561 522 467 456 449 399 374 315 233 212 203 199 170 169 168 123 122 121 120 119 118 117 116 94 93 92 91 90 89 57 56 55 54 53 52 17 10 9 8
>  137 1208 1186 1184 1181 1172 1137 1093 1090 1075 1074 1070 1065 1036 1002 995 988 978 968 963 957 940 932 926 922 914 894 864 823 816 810 800 792 781 778 742 740 734 718 705 703 692 691 669 665 652 650 641 631 624 623 620 617 616 604 593 587 565 555 543 540 538 529 527 521 517 506 505 494 489 485 483 460 458 452 448 435 433 429 422 415 398 381 380 375 359 354 353 348 347 333 324 313 304 288 277 273 268 237 236 235 227 225 216 205 202 199 198 188 187 186 185 133 132 131 115 114 113 112 111 110 109 108 94 93 92 91 90 89 88 87 86 76 75 74 73 72 29 28 27 26 25 24 16 10 9 8 7 6 5 4 3 2
>  138 669 543 422 205 133 132 131 29 28 27 26 25 24
>  139 1189 1188 1115 1075 777 680 583 558 542 517 436 405 404 381 369 354 278 277 273 245 238 200 198 101 100 99 98 97 96 95 88 87 86 12 11 7 6 5 4 3 2
>  140 1144 1092 989 722 676 651 470 412 340 330 309 215 204 184 183 182 127 126 125 124 71 70 69 68 67 66 22 21 20 19 18
>  141 1192 1189 1188 1115 1075 1043 1016 777 680 607 586 583 558 542 517 469 438 436 409 408 405 404 381 369 365 354 343 311 278 277 273 245 238 213 200 198 178 177 176 175 174 173 172 171 101 100 99 98 97 96 95 88 87 86 59 12 11 7 6 5 4 3 2
>  142 1212 1154 1130 1075 834 653 643 606 517 478 402 381 367 354 307 277 273 214 198 181 180 179 88 87 86 65 64 63 62 61 60 7 6 5 4 3 2
>  143 1203 1201 1187 1139 1105 1099 1098 1075 1026 1024 1015 997 969 954 936 927 872 856 846 803 788 783 758 735 720 638 635 615 610 603 574 551 536 530 517 512 487 484 462 442 432 428 426 418 390 389 388 382 381 374 363 356 354 338 335 319 315 277 273 265 233 221 212 208 198 197 170 169 168 151 150 149 148 147 146 145 88 87 86 85 84 83 82 81 80 79 78 57 56 55 54 53 52 39 38 7 6 5 4 3 2 1
>  144 1198 1192 1075 1043 1016 985 909 885 748 716 657 620 617 607 604 586 554 541 517 501 469 438 415 409 408 384 383 381 365 354 347 343 311 290 277 273 213 209 202 198 178 177 176 175 174 173 172 171 158 157 156 155 154 153 152 115 114 113 112 111 110 109 108 88 87 86 59 41 40 16 7 6 5 4 3 2
>  145 1212 1190 1184 1154 1150 1137 1130 1127 1090 1075 1069 1065 1049 1036 1010 1007 1000 965 932 930 923 898 868 864 834 823 780 763 700 689 669 667 665 653 643 641 639 631 616 613 611 606 587 577 572 567 543 540 539 534 529 527 517 515 490 478 471 441 424 422 402 394 381 380 367 354 333 329 328 307 292 289 277 273 214 207 205 198 181 180 179 144 143 142 141 140 139 138 133 132 131 130 88 87 86 65 64 63 62 61 60 37 36 28 27 26 25 24 7 6 5 4 3 2
>  146 1204 1142 814 704 686 607 579 578 570 518 479 446 430 423 409 406 374 343 315 301 233 213 212 178 177 176 175 174 173 172 171 170 169 168 167 59 57 56 55 54 53 52
>  147 889 830 800 718 692 669 652 617 433 422 415 398 347 320 205 202 133 132 131 130 129 128 115 114 113 112 111 110 109 108 26 25 24 16
>  148 669 422 320 205 133 132 131 130 129 128 26 25 24
>  149 1216 1215 1209 1198 1173 1153 1143 1135 1084 1081 1073 1071 1048 1034 1031 1020 1006 1005 985 983 974 970 967 961 943 933 918 909 906 901 891 883 867 850 848 841 839 838 829 817 805 804 800 792 787 786 784 779 761 724 722 718 714 699 692 690 688 682 681 676 673 671 669 657 652 633 627 621 617 607 599 597 596 588 581 568 562 557 554 552 543 533 531 522 495 491 486 473 465 456 449 447 433 427 422 417 416 415 412 409 398 392 383 376 364 351 347 343 341 340 291 290 285 276 275 274 271 269 261 258 255 243 241 240 235 215 213 205 203 202 184 183 182 178 177 176 175 174 173 172 171 133 132 131 123 122 121 120 119 118 117 116 115 114 113 112 111 110 109 108 71 70 69 68 67 66 59 29 28 27 26 25 24 17 16
>  150 1140 1075 936 917 899 892 861 821 793 783 776 764 727 725 722 701 697 676 662 659 658 640 635 619 605 589 575 574 553 517 514 513 499 497 493 487 481 477 457 453 425 418 412 391 382 381 378 361 355 354 340 336 325 319 286 277 273 256 230 228 223 217 215 208 206 198 196 195 194 193 192 191 190 189 184 183 182 151 150 149 148 147 146 145 137 136 135 134 88 87 86 77 71 70 69 68 67 66 39 38 35 34 33 32 31 7 6 5 4 3 2
>  151 669 543 422 374 358 315 233 212 205 170 169 168 133 132 131 130 57 56 55 54 53 52 28 27 26 25 24
>  152 669 543 422 205 133 132 131 130 28 27 26 25 24
>  153 1075 1064 951 945 710 685 678 522 517 456 449 381 354 277 273 220 203 198 123 122 121 120 119 118 117 116 88 87 86 17 7 6 5 4 3 2
>  154 1204 1200 1186 1185 1163 1161 1145 1142 1135 1097 1071 1068 1023 963 947 940 933 926 904 880 855 851 820 814 808 799 795 784 768 762 745 740 739 736 729 715 713 704 693 687 686 684 683 669 656 646 645 644 642 607 597 593 590 588 579 578 570 556 546 543 537 531 523 518 479 446 437 430 423 422 417 414 409 406 403 374 372 358 357 353 349 343 327 324 315 314 313 301 279 246 244 233 229 227 225 219 218 213 212 205 201 199 178 177 176 175 174 173 172 171 170 169 168 167 133 132 131 130 107 106 105 104 103 102 94 93 92 91 90 89 59 57 56 55 54 53 52 28 27 26 25 24 15 14 13 10 9 8
>  155 1075 936 783 778 734 705 635 624 574 517 487 483 460 418 382 381 354 319 277 273 268 237 208 199 198 151 150 149 148 147 146 145 94 93 92 91 90 89 88 87 86 39 38 10 9 8 7 6 5 4 3 2
>  156 861 793 727 725 722 701 676 662 658 619 513 477 453 425 412 361 355 340 223 215 206 184 183 182 137 136 135 134 71 70 69 68 67 66 35 34 33 32 31
>  157 669 543 422 205 133 132 131 130 28 27 26 25 24
>  158 1206 1202 1198 1196 1192 1184 1181 1173 1142 1137 1135 1108 1095 1090 1075 1071 1068 1065 1043 1036 1035 1016 1006 1001 998 985 958 957 955 933 932 909 905 885 874 873 864 859 823 814 808 802 800 795 792 784 781 759 757 751 748 741 737 735 718 704 692 686 669 665 664 657 652 641 631 622 620 617 616 607 604 597 588 587 586 578 570 554 543 540 531 529 527 518 517 507 469 446 438 433 430 423 422 417 415 409 408 406 398 395 383 381 380 374 365 358 357 354 347 343 333 317 315 311 290 283 277 274 273 265 244 235 233 221 213 212 205 202 198 178 177 176 175 174 173 172 171 170 169 168 133 132 131 130 115 114 113 112 111 110 109 108 88 87 86 59 57 56 55 54 53 52 29 28 27 26 25 24 16 7 6 5 4 3 2
>  159 1075 517 381 354 277 273 198 88 87 86 7 6 5 4 3 2
>  160 948 668 561 522 467 456 449 399 374 315 233 212 203 199 170 169 168 123 122 121 120 119 118 117 116 94 93 92 91 90 89 57 56 55 54 53 52 17 10 9 8
>  161 1207 1206 1201 1198 1194 1192 1174 1142 1139 1098 1096 1075 1057 1043 1035 1016 1013 1001 985 971 958 939 936 934 931 927 909 885 874 865 859 857 840 832 814 802 788 783 749 748 741 735 704 686 670 664 657 635 628 626 622 620 617 615 607 604 603 591 586 578 574 573 570 569 554 536 530 518 517 507 487 482 469 446 438 432 430 423 418 415 409 408 406 395 390 388 383 382 381 374 365 354 347 343 339 326 322 319 317 315 311 300 290 283 277 273 265 254 233 232 221 213 212 208 202 198 178 177 176 175 174 173 172 171 170 169 168 151 150 149 148 147 146 145 115 114 113 112 111 110 109 108 88 87 86 59 57 56 55 54 53 52 39 38 16 7 6 5 4 3 2
>  162 1207 1206 1202 1201 1199 1198 1196 1194 1192 1184 1181 1176 1174 1173 1169 1168 1142 1139 1137 1135 1108 1104 1098 1096 1095 1091 1090 1087 1075 1071 1068 1065 1057 1054 1043 1039 1036 1035 1019 1016 1013 1006 1001 998 985 973 971 966 958 957 955 939 936 934 933 932 931 927 909 905 885 874 873 865 864 863 859 858 857 840 837 832 825 823 814 802 800 795 792 788 784 783 781 759 757 751 749 748 741 737 735 721 718 704 695 692 686 670 669 665 664 657 652 641 635 631 628 626 625 622 620 617 616 615 607 604 603 598 597 591 588 587 586 578 576 574 573 570 569 554 543 540 536 531 530 529 527 518 517 507 496 487 482 469 446 438 433 432 431 430 423 422 418 417 415 409 408 406 398 395 390 388 383 382 381 380 374 365 358 354 347 343 339 333 332 326 322 319 317 315 311 300 290 283 277 274 273 265 254 235 233 232 221 213 212 208 205 202 198 178 177 176 175 174 173 172 171 170 169 168 151 150 149 148 147 146 145 133 132 131 115 114 113 112 111 110 109 108 88 87 86 59 57 56 55 54 53 52 39 38 29 28 27 26 25 24 16 7 6 5 4 3 2
>  163 892 861 793 727 725 722 701 676 662 658 640 619 514 513 477 453 425 412 361 355 340 223 217 215 206 196 195 194 193 192 191 190 189 184 183 182 137 136 135 134 77 71 70 69 68 67 66 35 34 33 32 31
>  164 1216 1215 1209 1198 1153 1143 1138 1135 1103 1084 1081 1073 1071 1048 1034 1031 1020 1006 985 983 974 970 967 961 943 935 933 918 909 906 901 891 883 867 850 848 841 839 838 829 817 808 805 804 800 792 787 786 784 779 761 724 722 718 714 699 692 690 688 682 681 676 673 671 669 657 652 633 627 621 617 607 599 597 596 588 581 568 562 557 554 552 543 533 531 522 500 495 491 486 473 465 456 449 447 433 427 422 417 416 415 412 409 398 392 383 376 364 357 351 347 343 341 340 291 290 276 275 271 269 261 258 255 244 243 241 240 215 213 205 203 202 184 183 182 178 177 176 175 174 173 172 171 133 132 131 130 123 122 121 120 119 118 117 116 115 114 113 112 111 110 109 108 71 70 69 68 67 66 59 28 27 26 25 24 17 16
>  165 1075 1064 951 945 710 685 678 522 517 456 449 381 354 277 273 220 203 198 123 122 121 120 119 118 117 116 88 87 86 17 7 6 5 4 3 2
>  166 1134 1101 1075 1040 674 612 549 517 508 419 381 354 334 299 277 273 272 252 210 198 164 163 162 161 160 159 88 87 86 44 43 42 7 6 5 4 3 2
>  167 1192 1075 1043 1016 607 586 517 469 438 409 408 381 365 354 343 311 277 273 213 198 178 177 176 175 174 173 172 171 88 87 86 59 7 6 5 4 3 2
>  168 1201 1194 1192 1174 1142 1139 1098 1096 1075 1057 1043 1016 958 939 936 934 931 927 840 832 814 788 783 735 704 686 635 628 626 615 607 603 591 586 578 574 570 536 530 518 517 487 469 446 438 432 430 423 418 409 408 406 390 388 382 381 374 365 354 343 339 326 322 319 315 311 300 277 273 265 254 233 232 221 213 212 208 198 178 177 176 175 174 173 172 171 170 169 168 151 150 149 148 147 146 145 88 87 86 59 57 56 55 54 53 52 39 38 7 6 5 4 3 2
>  169 1214 1206 1202 1200 1198 1196 1192 1191 1187 1184 1181 1178 1173 1170 1167 1163 1161 1156 1145 1142 1141 1137 1135 1133 1128 1116 1108 1099 1097 1095 1090 1088 1083 1075 1071 1068 1065 1060 1053 1045 1043 1038 1036 1035 1024 1023 1021 1016 1006 1001 998 997 996 993 990 985 958 957 956 955 954 947 944 941 937 933 932 929 928 925 921 915 911 909 905 904 902 895 893 885 880 876 875 874 873 870 864 859 855 851 847 845 835 828 823 822 820 819 814 812 809 808 806 803 802 800 799 796 795 792 789 785 784 782 781 771 765 762 759 757 751 748 747 746 745 743 741 739 737 736 735 730 729 728 719 718 715 711 708 704 693 692 686 684 683 672 669 665 664 663 657 656 652 645 644 642 641 638 636 631 622 620 617 616 607 604 601 597 595 590 588 587 586 578 570 556 554 551 548 543 540 537 531 529 527 523 520 518 517 512 509 507 484 475 469 466 462 446 438 433 430 428 426 423 422 417 415 409 408 406 403 398 397 396 395 389 383 381 380 379 374 372 371 366 365 363 358 357 356 354 352 347 343 342 333 327 317 315 314 311 310 302 297 295 290 283 282 281 277 274 273 270 267 265 257 246 244 242 235 233 221 219 213 212 205 202 201 198 197 178 177 176 175 174 173 172 171 170 169 168 133 132 131 130 115 114 113 112 111 110 109 108 107 106 105 104 103 102 88 87 86 85 84 83 82 81 80 79 78 59 57 56 55 54 53 52 29 28 27 26 25 24 16 15 14 13 7 6 5 4 3 2 1
>  170 1207 1206 1202 1201 1200 1199 1198 1196 1194 1192 1191 1184 1181 1176 1174 1173 1169 1168 1163 1161 1147 1145 1142 1141 1139 1137 1135 1128 1116 1108 1104 1098 1097 1096 1095 1091 1090 1087 1075 1072 1071 1068 1065 1057 1054 1053 1043 1039 1036 1035 1023 1021 1019 1016 1013 1009 1006 1004 1001 998 996 993 986 985 973 971 966 962 958 957 956 955 949 947 939 937 936 934 933 932 931 927 915 909 905 904 902 885 880 878 876 874 873 865 864 863 859 858 857 855 851 840 837 832 828 825 824 823 822 820 814 812 802 800 799 798 795 792 788 785 784 783 781 765 762 759 757 751 749 748 746 745 743 741 739 737 736 735 729 721 718 715 708 704 695 693 692 686 684 683 672 670 669 665 664 657 656 652 645 644 642 641 635 631 628 626 625 622 620 617 616 615 607 604 603 598 597 595 591 588 587 586 580 578 576 574 573 570 569 556 554 543 540 537 536 531 530 529 527 523 518 517 507 496 487 482 475 469 446 438 433 432 431 430 423 422 418 417 415 409 408 406 403 398 397 396 395 390 388 383 382 381 380 374 372 371 366 365 358 354 347 343 339 333 332 327 326 322 319 317 315 314 311 300 290 283 281 277 274 273 265 257 254 246 242 235 233 232 221 219 213 212 208 205 202 201 198 178 177 176 175 174 173 172 171 170 169 168 151 150 149 148 147 146 145 133 132 131 115 114 113 112 111 110 109 108 107 106 105 104 103 102 88 87 86 59 57 56 55 54 53 52 39 38 29 28 27 26 25 24 16 15 14 13 7 6 5 4 3 2
>  171 669 422 320 205 133 132 131 130 129 128 26 25 24
>  172 1214 1207 1206 1203 1202 1201 1199 1198 1196 1194 1192 1187 1184 1183 1182 1181 1178 1176 1174 1173 1170 1169 1168 1156 1142 1139 1137 1135 1133 1108 1105 1104 1099 1098 1096 1095 1091 1090 1088 1087 1078 1075 1071 1068 1065 1057 1054 1045 1043 1039 1038 1036 1035 1026 1024 1019 1016 1015 1013 1011 1006 1001 998 997 990 985 973 971 969 966 958 957 955 954 944 939 936 934 933 932 931 929 928 927 925 921 911 909 905 895 893 885 875 874 873 872 870 865 864 863 859 858 857 856 847 846 845 840 837 835 832 825 823 819 814 806 803 802 800 796 795 792 789 788 784 783 782 781 774 771 759 758 757 754 751 749 748 747 741 737 735 730 728 721 720 718 711 704 695 692 686 670 669 665 664 663 657 652 641 638 636 635 631 628 626 625 622 620 617 616 615 610 607 604 603 601 598 597 591 588 587 586 578 576 574 573 570 569 554 551 548 543 540 536 531 530 529 527 520 518 517 512 509 507 496 487 484 482 469 466 462 446 442 438 433 432 431 430 428 426 423 422 418 417 415 409 408 406 398 395 390 389 388 383 382 381 380 379 374 365 363 358 356 354 352 347 343 342 339 338 335 333 332 326 322 319 317 315 311 302 300 297 295 290 283 282 277 274 273 270 265 254 235 233 232 221 213 212 208 205 202 198 197 178 177 176 175 174 173 172 171 170 169 168 151 150 149 148 147 146 145 133 132 131 115 114 113 112 111 110 109 108 88 87 86 85 84 83 82 81 80 79 78 59 57 56 55 54 53 52 39 38 29 28 27 26 25 24 16 7 6 5 4 3 2 1
>  173 1134 1101 1075 1040 674 612 549 517 508 419 381 354 334 299 277 273 272 252 210 198 164 163 162 161 160 159 88 87 86 44 43 42 7 6 5 4 3 2
>  174 1192 1126 1075 1043 1016 975 778 768 734 713 705 687 646 624 607 586 546 517 483 469 460 438 437 414 409 408 381 365 354 349 343 311 277 273 268 237 229 218 213 199 198 178 177 176 175 174 173 172 171 94 93 92 91 90 89 88 87 86 59 10 9 8 7 6 5 4 3 2
>  175 199 94 93 92 91 90 89 10 9 8
>  176 1192 1075 1043 1016 716 607 586 541 517 501 469 438 409 408 384 381 365 354 343 311 277 273 213 209 198 178 177 176 175 174 173 172 171 158 157 156 155 154 153 152 88 87 86 59 41 40 7 6 5 4 3 2
>  177 1215 1204 1201 1174 1146 1142 1139 1136 1096 1057 1003 984 979 948 931 920 906 867 841 840 832 817 814 807 791 775 704 699 690 688 686 673 671 668 637 628 626 615 607 603 591 579 578 570 561 536 535 530 522 519 518 479 474 467 465 456 449 446 445 432 430 423 418 409 406 399 390 388 382 374 351 343 339 326 322 315 308 301 300 275 258 254 243 233 232 213 212 208 203 178 177 176 175 174 173 172 171 170 169 168 167 151 150 149 148 147 146 145 123 122 121 120 119 118 117 116 59 57 56 55 54 53 52 39 38 17
>  178
>  179 1170 1153 1143 1133 1045 974 967 918 838 805 800 792 786 730 722 718 692 681 676 669 652 621 617 581 552 551 548 543 533 520 484 433 426 422 415 412 398 392 389 379 376 352 347 342 341 340 297 295 276 270 269 255 235 215 205 202 197 184 183 182 133 132 131 115 114 113 112 111 110 109 108 85 84 83 82 81 80 79 78 71 70 69 68 67 66 29 28 27 26 25 24 16 1
>  180 1204 1201 1139 1098 1075 936 927 788 783 735 635 615 603 574 536 530 517 487 479 432 418 390 388 382 381 354 319 315 301 277 273 265 221 212 208 198 170 169 168 167 151 150 149 148 147 146 145 88 87 86 56 55 54 53 52 39 38 7 6 5 4 3 2
>  181 1212 1210 1195 1155 1154 1130 1092 1075 1067 1062 1059 1051 1042 999 994 989 952 834 756 653 651 647 643 634 620 618 617 606 604 571 563 547 517 510 504 478 470 434 415 402 381 367 354 347 346 330 312 307 294 277 273 264 253 247 214 204 202 198 181 180 179 127 126 125 115 114 113 112 111 110 109 108 88 87 86 65 64 63 62 61 60 23 22 21 20 19 18 16 7 6 5 4 3 2
>  182 1203 1199 1187 1184 1183 1169 1167 1137 1105 1099 1090 1083 1075 1065 1039 1036 1026 1023 1021 1019 1011 969 966 962 954 941 937 936 932 902 864 856 851 847 837 828 824 823 822 803 783 765 747 743 721 719 715 695 672 669 665 656 644 641 635 631 625 616 610 598 595 587 580 576 574 551 543 540 529 527 520 517 496 487 484 475 462 442 431 428 426 422 418 403 397 396 389 382 381 380 379 371 363 356 354 338 335 333 332 319 310 295 277 273 267 257 219 208 205 201 198 197 151 150 149 148 147 146 145 133 132 131 107 106 105 104 103 102 88 87 86 85 84 83 82 81 80 79 78 39 38 29 28 27 26 25 24 15 14 13 7 6 5 4 3 2 1
>  183 1198 1192 1075 1043 1016 985 909 885 748 657 620 617 607 604 586 554 517 469 438 415 409 408 383 381 365 354 347 343 311 290 277 273 213 202 198 178 177 176 175 174 173 172 171 115 114 113 112 111 110 109 108 88 87 86 59 16 7 6 5 4 3 2
>  184 643 307 214 199 181 180 179 94 93 92 91 90 89 65 64 63 62 61 60 10 9 8
>  185 1218 1217 1216 1215 1209 1198 1196 1192 1184 1181 1180 1179 1177 1166 1164 1160 1159 1157 1153 1148 1143 1140 1138 1137 1135 1124 1117 1114 1108 1106 1103 1100 1090 1084 1081 1076 1075 1073 1071 1065 1064 1056 1048 1043 1041 1036 1034 1032 1031 1027 1025 1020 1016 1012 1006 998 985 983 977 974 970 967 961 957 953 951 950 946 945 943 938 935 933 932 924 918 917 910 909 906 903 901 899 892 891 890 885 883 882 879 873 867 864 862 861 852 850 848 842 841 839 838 833 829 823 821 818 817 808 805 804 800 794 793 792 787 786 784 781 779 776 773 769 767 764 761 759 755 748 744 733 727 725 724 722 718 714 712 710 709 702 701 699 697 692 690 688 685 682 681 678 676 673 671 669 665 662 659 658 657 655 652 649 641 640 633 632 631 630 627 621 620 619 617 616 607 605 604 599 597 596 589 588 587 586 585 581 575 568 562 560 557 554 553 552 544 543 540 533 531 529 528 527 522 517 516 514 513 500 499 497 495 493 492 491 486 481 477 473 469 465 459 457 456 453 449 447 444 438 433 427 425 422 417 416 415 413 412 409 408 400 398 392 391 386 383 381 380 378 376 373 365 364 361 357 355 354 351 347 343 341 340 336 333 325 311 306 296 291 290 286 280 277 276 275 273 271 269 261 258 256 255 251 249 244 243 241 240 230 228 226 223 220 217 215 213 206 205 203 202 198 196 195 194 193 192 191 190 189 184 183 182 178 177 176 175 174 173 172 171 137 136 135 134 133 132 131 130 123 122 121 120 119 118 117 116 115 114 113 112 111 110 109 108 88 87 86 77 71 70 69 68 67 66 59 35 34 33 32 31 28 27 26 25 24 17 16 7 6 5 4 3 2
>  186 1075 1070 968 914 894 816 810 778 734 705 703 624 620 617 604 517 506 489 485 483 460 415 381 359 354 347 304 277 273 268 237 202 199 198 115 114 113 112 111 110 109 108 94 93 92 91 90 89 88 87 86 16 10 9 8 7 6 5 4 3 2
>  187 1187 1184 1137 1099 1090 1075 1065 1036 954 932 864 847 823 803 747 669 665 641 631 616 587 551 543 540 529 527 520 517 484 462 428 426 422 389 381 380 379 363 356 354 333 295 277 273 205 198 197 133 132 131 88 87 86 85 84 83 82 81 80 79 78 29 28 27 26 25 24 7 6 5 4 3 2 1
>  188 1148 1117 965 938 898 892 818 780 733 712 702 669 667 640 611 577 543 516 515 514 471 424 422 394 373 292 251 217 207 205 196 195 194 193 192 191 190 189 144 143 142 141 140 139 138 133 132 131 130 77 37 36 28 27 26 25 24
>  189 1134 1101 1075 1040 674 612 549 517 508 419 381 354 334 299 277 273 272 252 210 198 164 163 162 161 160 159 88 87 86 44 43 42 7 6 5 4 3 2
>  190 1187 1184 1181 1170 1137 1133 1099 1090 1088 1075 1065 1045 1036 957 954 932 929 925 870 864 847 823 803 800 792 789 781 747 730 718 692 669 665 652 641 631 620 617 616 604 587 551 548 543 540 529 527 520 517 484 462 433 428 426 422 415 398 389 381 380 379 363 356 354 352 347 342 333 297 295 277 273 270 235 205 202 198 197 133 132 131 115 114 113 112 111 110 109 108 88 87 86 85 84 83 82 81 80 79 78 29 28 27 26 25 24 16 7 6 5 4 3 2 1
>  191 1186 1070 968 963 940 926 914 894 816 810 800 792 740 718 703 692 669 652 617 593 543 506 489 485 433 422 415 398 359 353 347 324 313 304 227 225 205 202 199 133 132 131 130 115 114 113 112 111 110 109 108 94 93 92 91 90 89 28 27 26 25 24 16 10 9 8
>  192 1075 620 617 604 517 415 381 354 347 277 273 202 198 115 114 113 112 111 110 109 108 88 87 86 16 7 6 5 4 3 2
>  193 1212 1211 1192 1154 1130 1118 1086 1075 1066 1043 1016 834 801 752 698 675 653 643 607 606 586 517 478 476 469 438 420 409 408 407 402 401 381 367 365 354 343 318 311 307 287 277 273 239 214 213 198 181 180 179 178 177 176 175 174 173 172 171 88 87 86 65 64 63 62 61 60 59 7 6 5 4 3 2
>  194 1075 778 734 705 624 517 483 460 381 354 277 273 268 237 199 198 94 93 92 91 90 89 88 87 86 10 9 8 7 6 5 4 3 2
>  195 1201 1194 1192 1174 1142 1139 1098 1096 1075 1057 1043 1016 958 939 936 934 931 927 840 832 814 788 783 735 704 686 635 628 626 615 607 603 591 586 578 574 570 536 530 518 517 487 469 446 438 432 430 423 418 409 408 406 390 388 382 381 374 365 354 343 339 326 322 319 315 311 300 277 273 265 254 233 232 221 213 212 208 198 178 177 176 175 174 173 172 171 170 169 168 151 150 149 148 147 146 145 88 87 86 59 57 56 55 54 53 52 39 38 7 6 5 4 3 2
>  196 199 94 93 92 91 90 89 10 9 8
>  197 1216 1215 1209 1198 1153 1143 1138 1135 1103 1084 1081 1077 1073 1071 1048 1034 1031 1020 1006 985 983 982 981 974 970 967 965 961 943 935 933 918 913 909 906 901 898 891 883 867 850 848 841 839 838 829 817 808 805 804 800 792 787 786 784 780 779 761 724 722 718 714 699 692 690 688 682 681 676 673 671 669 667 657 652 633 629 627 621 617 611 607 599 597 596 588 581 577 568 562 557 554 552 543 533 531 524 522 515 500 495 491 486 480 473 471 465 456 449 447 433 427 424 422 421 417 416 415 412 409 398 394 392 383 377 376 364 357 351 347 345 344 343 341 340 303 298 292 291 290 284 276 275 271 269 261 258 255 244 243 241 240 215 213 207 205 203 202 184 183 182 178 177 176 175 174 173 172 171 144 143 142 141 140 139 138 133 132 131 130 123 122 121 120 119 118 117 116 115 114 113 112 111 110 109 108 71 70 69 68 67 66 59 37 36 28 27 26 25 24 17 16
>  198 669 543 443 422 205 133 132 30 29 28 27 26 25 24
>  199 1212 1154 1130 1075 1010 834 653 643 613 611 606 577 572 567 534 517 490 478 441 402 381 367 354 329 328 307 277 273 214 207 198 181 180 179 144 143 142 141 140 139 138 88 87 86 65 64 63 62 61 60 37 36 7 6 5 4 3 2
>  200 1189 1188 1115 1077 1075 1010 982 981 913 777 680 629 620 617 613 611 604 583 577 572 567 558 542 524 517 480 441 436 421 415 405 404 381 377 369 354 347 345 344 329 328 303 298 284 278 277 273 245 238 207 202 200 198 144 143 142 141 140 139 138 115 114 113 112 111 110 109 108 101 100 99 98 97 96 95 88 87 86 37 36 16 12 11 7 6 5 4 3 2
>  201 1214 1207 1206 1203 1202 1201 1199 1198 1196 1194 1192 1187 1184 1183 1182 1181 1178 1176 1174 1173 1170 1169 1168 1156 1142 1139 1137 1135 1133 1108 1105 1104 1099 1098 1096 1095 1091 1090 1088 1087 1078 1075 1071 1068 1065 1057 1054 1045 1043 1039 1038 1036 1035 1026 1024 1019 1016 1015 1013 1011 1006 1001 998 997 990 985 973 971 969 966 958 957 955 954 944 939 936 934 933 932 931 929 928 927 925 921 911 909 905 895 893 885 875 874 873 872 870 865 864 863 859 858 857 856 847 846 845 840 837 835 832 825 823 819 814 806 803 802 800 796 795 792 789 788 784 783 782 781 774 771 759 758 757 754 751 749 748 747 741 737 735 730 728 721 720 718 711 704 695 692 686 670 669 665 664 663 657 652 641 638 636 635 631 628 626 625 622 620 617 616 615 610 607 604 603 601 598 597 591 588 587 586 578 576 574 573 570 569 554 551 548 543 540 536 531 530 529 527 520 518 517 512 509 507 496 487 484 482 469 466 462 446 442 438 433 432 431 430 428 426 423 422 418 417 415 409 408 406 398 395 390 389 388 383 382 381 380 379 374 365 363 358 356 354 352 347 343 342 339 338 335 333 332 326 322 319 317 315 311 302 300 297 295 290 283 282 277 274 273 270 265 254 235 233 232 221 213 212 208 205 202 198 197 178 177 176 175 174 173 172 171 170 169 168 151 150 149 148 147 146 145 133 132 131 115 114 113 112 111 110 109 108 88 87 86 85 84 83 82 81 80 79 78 59 57 56 55 54 53 52 39 38 29 28 27 26 25 24 16 7 6 5 4 3 2 1
>  202 1210 1195 1187 1155 1099 1092 1088 1079 1075 1067 1059 1051 1045 1044 1042 1037 1017 999 994 989 954 952 929 925 870 803 790 789 756 731 726 660 651 647 634 620 617 604 602 571 551 548 517 510 504 484 470 462 428 426 415 389 381 363 360 356 354 352 347 346 342 330 312 297 294 277 273 270 264 253 247 224 204 202 198 197 127 126 125 115 114 113 112 111 110 109 108 88 87 86 85 84 83 82 81 80 79 78 23 22 21 20 19 18 16 7 6 5 4 3 2 1
>  203 1210 1195 1155 1092 1075 1067 994 989 756 651 634 571 517 510 470 381 354 330 312 277 273 253 247 204 198 127 126 125 88 87 86 23 22 21 20 19 18 7 6 5 4 3 2
>  204 1201 1139 1098 1075 936 927 788 783 735 635 615 603 574 536 530 517 487 432 418 390 388 382 381 374 354 319 315 277 273 265 233 221 212 208 198 170 169 168 151 150 149 148 147 146 145 88 87 86 57 56 55 54 53 52 39 38 7 6 5 4 3 2
>  205 1209 1206 1202 1200 1198 1191 1163 1161 1153 1145 1143 1142 1138 1135 1128 1097 1077 1071 1068 1035 1023 1006 1001 996 993 985 983 982 981 974 967 965 955 947 933 918 913 909 904 898 880 876 874 859 855 851 850 838 820 814 808 805 802 800 799 795 792 786 785 784 780 779 762 745 741 739 736 729 724 722 718 715 708 704 693 692 686 684 683 682 681 676 669 667 664 657 656 652 645 644 642 629 622 621 617 611 607 597 596 590 588 581 578 577 570 556 554 552 543 537 533 531 524 523 518 515 507 500 486 480 471 446 433 430 427 424 423 422 421 417 415 412 409 406 403 398 395 394 392 383 377 376 374 372 366 358 357 347 345 344 343 341 340 327 317 315 314 303 298 292 290 284 283 281 276 269 255 246 244 242 233 219 215 213 212 207 205 202 201 184 183 182 178 177 176 175 174 173 172 171 170 169 168 144 143 142 141 140 139 138 133 132 131 130 115 114 113 112 111 110 109 108 107 106 105 104 103 102 71 70 69 68 67 66 59 57 56 55 54 53 52 37 36 28 27 26 25 24 16 15 14 13
>  206 1214 1207 1206 1203 1202 1201 1199 1198 1196 1194 1192 1187 1184 1183 1182 1181 1178 1176 1174 1173 1170 1169 1168 1156 1142 1139 1137 1135 1133 1108 1105 1104 1099 1098 1096 1095 1091 1090 1088 1087 1078 1075 1071 1068 1065 1057 1054 1045 1043 1039 1038 1036 1035 1026 1024 1019 1016 1015 1013 1011 1006 1001 998 997 990 985 973 971 969 966 958 957 955 954 944 939 936 934 933 932 931 929 928 927 925 921 911 909 905 895 893 885 875 874 873 872 870 865 864 863 859 858 857 856 847 846 845 840 837 835 832 825 823 819 814 806 803 802 800 796 795 792 789 788 784 783 782 781 774 771 759 758 757 754 751 749 748 747 741 737 735 730 728 721 720 718 711 704 695 692 686 670 669 665 664 663 657 652 641 638 636 635 631 628 626 625 622 620 617 616 615 610 607 604 603 601 598 597 591 588 587 586 578 576 574 573 570 569 554 551 548 543 540 536 531 530 529 527 520 518 517 512 509 507 496 487 484 482 469 466 462 446 442 438 433 432 431 430 428 426 423 422 418 417 415 409 408 406 398 395 390 389 388 383 382 381 380 379 374 365 363 358 356 354 352 347 343 342 339 338 335 333 332 326 322 319 317 315 311 302 300 297 295 290 283 282 277 274 273 270 265 254 235 233 232 221 213 212 208 205 202 198 197 178 177 176 175 174 173 172 171 170 169 168 151 150 149 148 147 146 145 133 132 131 115 114 113 112 111 110 109 108 88 87 86 85 84 83 82 81 80 79 78 59 57 56 55 54 53 52 39 38 29 28 27 26 25 24 16 7 6 5 4 3 2 1
>  207 948 668 561 522 467 456 449 399 374 315 233 212 203 170 169 168 123 122 121 120 119 118 117 116 57 56 55 54 53 52 17
>  208 1209 1198 1196 1192 1184 1181 1153 1150 1143 1138 1137 1135 1127 1108 1090 1077 1075 1071 1065 1049 1043 1036 1016 1010 1007 1006 998 985 983 982 981 974 967 965 957 933 932 923 918 917 913 909 898 885 873 864 850 838 823 821 808 805 800 792 786 784 781 780 779 764 759 748 724 722 718 697 692 682 681 676 669 667 665 659 657 652 641 631 629 621 620 617 616 613 611 607 605 604 597 596 588 587 586 581 577 572 567 554 552 543 540 533 531 529 527 524 517 515 500 486 480 471 469 441 438 433 427 424 422 421 417 415 412 409 408 398 394 392 391 383 381 380 377 376 365 357 354 347 345 344 343 341 340 333 329 328 325 311 303 298 292 290 284 277 276 273 269 256 255 244 228 215 213 207 205 202 198 184 183 182 178 177 176 175 174 173 172 171 144 143 142 141 140 139 138 133 132 131 130 115 114 113 112 111 110 109 108 88 87 86 71 70 69 68 67 66 59 37 36 28 27 26 25 24 16 7 6 5 4 3 2
>  209 1075 917 821 764 722 697 676 659 605 517 412 391 381 354 340 325 277 273 256 228 215 198 184 183 182 88 87 86 71 70 69 68 67 66 7 6 5 4 3 2
>  210 1211 1118 1086 752 698 675 643 607 476 420 409 407 401 343 318 307 287 239 214 213 181 180 179 178 177 176 175 174 173 172 171 65 64 63 62 61 60 59
>  211 1075 1064 951 945 710 685 678 522 517 456 449 381 354 277 273 220 203 198 123 122 121 120 119 118 117 116 88 87 86 17 7 6 5 4 3 2
>  212 1218 1217 1209 1198 1179 1177 1173 1166 1159 1157 1153 1143 1135 1124 1106 1100 1071 1032 1027 1025 1006 985 983 977 974 967 953 950 933 918 910 909 882 879 862 861 852 850 842 838 833 805 800 793 792 786 784 779 769 767 755 727 725 724 722 718 709 701 692 682 681 676 669 662 658 657 655 652 630 621 619 617 607 597 596 588 581 560 554 552 544 543 533 531 528 513 486 477 459 453 444 433 427 425 422 417 415 413 412 409 398 392 386 383 376 361 355 347 343 341 340 306 296 290 280 276 274 269 255 235 226 223 215 213 206 205 202 184 183 182 178 177 176 175 174 173 172 171 137 136 135 134 133 132 131 115 114 113 112 111 110 109 108 71 70 69 68 67 66 59 35 34 33 32 31 29 28 27 26 25 24 16
>  213 1207 1206 1202 1201 1200 1198 1191 1176 1174 1173 1169 1168 1163 1161 1147 1145 1142 1139 1135 1128 1104 1097 1096 1091 1087 1072 1071 1068 1057 1054 1053 1035 1023 1013 1009 1006 1004 1001 996 993 986 985 973 971 966 955 949 947 933 931 915 909 904 880 878 876 874 865 863 859 858 855 851 840 832 825 820 814 808 802 800 799 798 795 792 785 784 766 762 751 749 746 745 741 739 736 729 718 715 708 704 695 693 692 686 684 683 670 669 664 657 656 652 645 644 642 628 626 625 622 617 615 607 603 598 597 591 590 588 580 578 576 573 570 569 556 554 543 537 536 531 530 523 518 507 503 496 482 475 446 433 432 431 430 423 422 418 417 415 409 406 403 398 395 390 388 383 382 374 372 366 358 357 347 343 339 332 327 326 322 317 315 314 300 290 283 281 274 257 254 246 244 242 235 233 232 219 213 212 208 205 202 201 178 177 176 175 174 173 172 171 170 169 168 151 150 149 148 147 146 145 133 132 131 130 115 114 113 112 111 110 109 108 107 106 105 104 103 102 59 57 56 55 54 53 52 39 38 29 28 27 26 25 24 16 15 14 13
>  214 669 543 422 205 133 132 131 29 28 27 26 25 24
>  215 889 830 800 792 718 692 669 652 617 543 433 422 415 398 347 320 205 202 133 132 131 130 129 128 115 114 113 112 111 110 109 108 28 27 26 25 24 16
>  216 1134 1101 1075 1040 674 620 617 612 604 549 517 508 419 415 381 354 347 334 299 277 273 272 252 210 202 198 164 163 162 161 160 159 115 114 113 112 111 110 109 108 88 87 86 44 43 42 16 7 6 5 4 3 2
>  217 1192 1126 1075 1043 1016 975 778 768 734 713 705 687 646 624 607 586 546 517 483 469 460 438 437 414 409 408 381 365 354 349 343 311 277 273 268 237 229 218 213 199 198 178 177 176 175 174 173 172 171 94 93 92 91 90 89 88 87 86 59 10 9 8 7 6 5 4 3 2
>  218 1205 1197 1187 1162 1151 1112 1099 1075 1064 1058 1055 1010 976 954 951 945 912 887 884 854 803 778 734 710 705 685 679 678 648 624 613 611 577 572 567 566 551 526 522 517 498 484 483 464 462 460 456 449 441 440 428 426 389 381 363 356 354 329 328 323 277 273 268 266 237 220 207 203 199 198 197 144 143 142 141 140 139 138 123 122 121 120 119 118 117 116 94 93 92 91 90 89 88 87 86 85 84 83 82 81 80 79 78 37 36 17 10 9 8 7 6 5 4 3 2 1
>  219 1214 1192 1187 1178 1099 1075 1043 1016 954 928 911 845 819 803 782 771 728 711 663 636 607 601 586 551 517 509 484 469 466 462 438 428 426 409 408 389 381 365 363 356 354 343 311 302 282 277 273 213 198 197 178 177 176 175 174 173 172 171 88 87 86 85 84 83 82 81 80 79 78 59 7 6 5 4 3 2 1
>  220 1075 1074 988 691 555 517 494 381 354 348 277 273 216 198 188 187 186 185 88 87 86 76 75 74 73 72 7 6 5 4 3 2
>  221 965 898 780 669 667 611 577 543 515 471 424 422 394 305 292 207 205 144 143 142 141 140 139 138 133 132 131 37 36 29 28 27 26 25 24
>  222 1075 517 381 354 277 273 198 88 87 86 7 6 5 4 3 2
>  223 1134 1101 1075 1040 674 612 549 517 508 419 381 354 334 299 277 273 272 252 210 198 164 163 162 161 160 159 88 87 86 44 43 42 7 6 5 4 3 2
>  224 1202 1035 1001 955 874 859 800 792 751 741 718 692 669 664 652 622 617 543 507 433 422 415 398 395 374 358 347 317 315 283 235 233 212 205 202 170 169 168 133 132 131 115 114 113 112 111 110 109 108 57 56 55 54 53 52 29 28 27 26 25 24 16
>  225 1170 1153 1143 1133 1080 1045 974 967 918 889 838 830 805 800 792 786 730 722 718 692 681 676 669 652 621 617 581 552 551 548 543 533 520 500 484 433 426 422 415 412 398 392 389 379 376 352 347 342 341 340 320 297 295 276 270 269 255 235 215 205 202 197 184 183 182 133 132 131 130 129 128 115 114 113 112 111 110 109 108 85 84 83 82 81 80 79 78 71 70 69 68 67 66 29 28 27 26 25 24 16 1
>  226 1148 1117 938 892 818 733 712 702 669 640 543 516 514 422 373 251 217 205 196 195 194 193 192 191 190 189 133 132 131 130 77 29 28 27 26 25 24
>  227 1075 517 381 354 277 273 198 88 87 86 7 6 5 4 3 2
>  228 1075 1064 951 945 710 685 678 522 517 456 449 381 354 277 273 220 203 198 123 122 121 120 119 118 117 116 88 87 86 17 7 6 5 4 3 2
>  229 436 418 404 382 208 200 199 151 150 149 148 147 146 145 101 100 99 98 97 96 95 94 93 92 91 90 89 39 38 12 11 10 9 8
>  230 1030 1008 717 716 643 541 522 501 456 449 411 384 368 307 250 214 209 203 181 180 179 158 157 156 155 154 153 152 123 122 121 120 119 118 117 116 65 64 63 62 61 60 41 40 17
>  231 374 315 233 212 170 169 168 57 56 55 54 53 52
>  232 1092 989 701 651 513 470 330 206 204 137 136 135 134 127 126 125 35 34 33 32 31 23 22 21 20 19 18
>  233 1187 1099 1075 954 803 551 517 484 462 428 426 389 381 363 356 354 277 273 198 197 88 87 86 85 84 83 82 81 80 79 78 7 6 5 4 3 2 1
>  234 1219 1205 1151 1132 1058 1055 1048 1033 1005 912 887 884 860 854 848 714 679 669 648 633 627 568 566 551 543 526 522 520 498 495 484 464 456 449 440 426 422 389 379 323 295 285 266 240 205 203 197 133 132 131 123 122 121 120 119 118 117 116 85 84 83 82 81 80 79 78 29 28 27 26 25 24 17 1
>  235 1207 1206 1202 1201 1200 1199 1198 1196 1194 1192 1191 1184 1181 1176 1174 1173 1169 1168 1163 1161 1147 1145 1142 1141 1139 1137 1135 1128 1116 1108 1104 1098 1097 1096 1095 1091 1090 1087 1075 1072 1071 1068 1065 1057 1054 1053 1043 1039 1036 1035 1023 1021 1019 1016 1013 1009 1006 1004 1001 998 996 993 986 985 973 971 966 962 958 957 956 955 949 947 939 937 936 934 933 932 931 927 915 909 905 904 902 885 880 878 876 874 873 865 864 863 859 858 857 855 851 840 837 832 828 825 824 823 822 820 814 812 802 800 799 798 795 792 788 785 784 783 781 765 762 759 757 751 749 748 746 745 743 741 739 737 736 735 729 721 718 715 708 704 695 693 692 686 684 683 672 670 669 665 664 657 656 652 645 644 642 641 635 631 628 626 625 622 620 617 616 615 607 604 603 598 597 595 591 588 587 586 580 578 576 574 573 570 569 556 554 543 540 537 536 531 530 529 527 523 518 517 507 496 487 482 475 469 446 438 433 432 431 430 423 422 418 417 415 409 408 406 403 398 397 396 395 390 388 383 382 381 380 374 372 371 366 365 358 354 347 343 339 333 332 327 326 322 319 317 315 314 311 300 290 283 281 277 274 273 265 257 254 246 242 235 233 232 221 219 213 212 208 205 202 201 198 178 177 176 175 174 173 172 171 170 169 168 151 150 149 148 147 146 145 133 132 131 115 114 113 112 111 110 109 108 107 106 105 104 103 102 88 87 86 59 57 56 55 54 53 52 39 38 29 28 27 26 25 24 16 15 14 13 7 6 5 4 3 2
>  236 1214 1196 1192 1187 1184 1178 1173 1156 1137 1135 1108 1099 1090 1075 1071 1065 1043 1036 1016 998 954 933 932 928 911 893 873 864 847 845 823 819 806 803 784 782 771 759 747 728 711 669 665 663 641 636 631 616 607 601 597 588 587 586 551 543 540 531 529 527 520 517 509 484 469 466 462 438 428 426 422 417 409 408 389 381 380 379 365 363 356 354 343 333 311 302 295 282 277 274 273 213 205 198 197 178 177 176 175 174 173 172 171 133 132 131 88 87 86 85 84 83 82 81 80 79 78 59 29 28 27 26 25 24 7 6 5 4 3 2 1
>  237 1207 1206 1202 1201 1200 1198 1191 1176 1174 1173 1169 1168 1163 1161 1147 1145 1142 1139 1135 1128 1104 1097 1096 1091 1087 1072 1071 1068 1057 1054 1053 1035 1023 1013 1009 1006 1004 1001 996 993 986 985 973 971 966 955 949 947 933 931 915 909 904 880 878 876 874 865 863 859 858 855 851 840 832 825 820 814 802 800 799 798 795 792 785 784 762 751 749 746 745 741 739 736 729 718 715 708 704 695 693 692 686 684 683 670 669 664 657 656 652 645 644 642 628 626 625 622 617 615 607 603 598 597 591 588 580 578 576 573 570 569 556 554 543 537 536 531 530 523 518 507 496 482 475 446 433 432 431 430 423 422 418 417 415 409 406 403 398 395 390 388 383 382 374 372 366 358 347 343 339 332 327 326 322 317 315 314 300 290 283 281 274 257 254 246 242 235 233 232 219 213 212 208 205 202 201 178 177 176 175 174 173 172 171 170 169 168 151 150 149 148 147 146 145 133 132 131 115 114 113 112 111 110 109 108 107 106 105 104 103 102 59 57 56 55 54 53 52 39 38 29 28 27 26 25 24 16 15 14 13
>  238 850 768 724 722 713 687 682 676 646 607 596 546 486 437 427 414 412 409 349 343 340 229 218 215 213 199 184 183 182 178 177 176 175 174 173 172 171 94 93 92 91 90 89 71 70 69 68 67 66 59 10 9 8
>  239 1208 1191 1184 1181 1172 1137 1093 1090 1075 1074 1065 1053 1036 1023 1021 1002 996 995 988 978 957 956 937 932 922 915 902 876 864 851 828 823 822 800 792 785 781 765 743 742 718 715 708 692 691 672 669 665 656 652 650 644 641 631 623 620 617 616 604 595 587 565 555 543 540 538 529 527 521 517 505 494 475 458 452 448 435 433 429 422 415 403 398 397 396 381 380 375 371 366 354 348 347 333 288 281 277 273 257 242 236 235 219 216 205 202 201 198 188 187 186 185 133 132 131 115 114 113 112 111 110 109 108 107 106 105 104 103 102 88 87 86 76 75 74 73 72 29 28 27 26 25 24 16 15 14 13 7 6 5 4 3 2
>  240 1075 517 381 354 277 273 198 88 87 86 7 6 5 4 3 2
>  241 1192 1075 1043 1016 607 586 517 469 438 409 408 381 365 354 343 311 277 273 213 198 178 177 176 175 174 173 172 171 88 87 86 59 7 6 5 4 3 2
>  242 1212 1211 1198 1192 1154 1130 1125 1118 1086 1075 1066 1062 1043 1016 985 909 897 885 849 836 834 801 752 748 698 675 657 653 643 620 618 617 607 606 604 586 563 554 547 517 478 476 469 438 434 420 415 409 408 407 402 401 383 381 367 365 354 347 343 318 311 307 290 287 277 273 239 214 213 202 198 181 180 179 178 177 176 175 174 173 172 171 115 114 113 112 111 110 109 108 88 87 86 65 64 63 62 61 60 59 16 7 6 5 4 3 2
>  243 1198 1191 1173 1135 1128 1071 1053 1023 1006 996 993 985 933 915 909 904 880 876 851 820 800 792 785 784 739 718 715 708 692 684 683 669 657 656 652 644 617 607 597 588 556 554 543 531 523 475 433 422 417 415 409 403 398 383 372 366 347 343 314 290 281 274 257 246 242 235 219 213 205 202 201 178 177 176 175 174 173 172 171 133 132 131 115 114 113 112 111 110 109 108 107 106 105 104 103 102 59 29 28 27 26 25 24 16 15 14 13
>  244 1215 1204 1201 1174 1171 1147 1146 1142 1139 1136 1097 1096 1072 1057 1028 1009 1003 984 979 964 949 948 931 920 906 888 878 867 855 841 840 832 817 814 807 798 791 775 762 736 729 704 699 693 690 688 686 684 683 673 671 668 645 642 637 628 626 615 607 603 591 580 579 578 570 561 559 556 537 536 535 530 523 522 519 518 479 474 467 465 456 450 449 446 445 432 430 423 418 409 406 399 390 388 382 374 372 362 351 343 339 331 327 326 322 315 314 308 301 300 279 275 258 254 246 243 233 232 213 212 208 203 201 178 177 176 175 174 173 172 171 170 169 168 167 151 150 149 148 147 146 145 123 122 121 120 119 118 117 116 107 106 105 104 103 102 59 57 56 55 54 53 52 39 38 17 15 14 13
>  245 1191 1153 1143 1023 996 974 967 918 876 851 838 805 800 792 786 785 722 718 715 708 692 681 676 669 656 652 644 621 617 590 581 552 543 533 500 433 422 415 412 403 398 392 376 366 347 341 340 281 276 269 255 242 219 215 205 202 201 184 183 182 133 132 131 130 115 114 113 112 111 110 109 108 107 106 105 104 103 102 71 70 69 68 67 66 28 27 26 25 24 16 15 14 13
>  246 1187 1184 1137 1099 1090 1075 1065 1036 954 932 864 847 823 803 747 669 665 641 631 616 587 551 543 540 529 527 520 517 484 462 428 426 422 389 381 380 379 363 356 354 333 295 277 273 205 198 197 133 132 131 88 87 86 85 84 83 82 81 80 79 78 29 28 27 26 25 24 7 6 5 4 3 2 1
>  247 1204 1201 1174 1142 1139 1096 1057 931 840 832 814 704 686 628 626 615 607 603 591 579 578 570 536 530 518 479 446 432 430 423 418 409 406 390 388 382 374 343 339 326 322 315 301 300 254 233 232 213 212 208 178 177 176 175 174 173 172 171 170 169 168 167 151 150 149 148 147 146 145 59 57 56 55 54 53 52 39 38
>  248 1191 1023 996 876 851 800 792 785 718 715 708 692 669 656 652 644 617 590 543 433 422 415 403 398 366 347 281 242 219 205 202 201 133 132 131 130 115 114 113 112 111 110 109 108 107 106 105 104 103 102 28 27 26 25 24 16 15 14 13
>  249 669 543 422 205 133 132 131 130 28 27 26 25 24
>  250 701 551 513 484 436 426 404 389 206 200 197 137 136 135 134 101 100 99 98 97 96 95 85 84 83 82 81 80 79 78 35 34 33 32 31 12 11 1
>  251 1134 1101 1075 1064 1040 951 945 839 787 761 710 685 678 674 620 617 612 604 562 549 522 517 508 491 473 456 449 447 419 416 415 381 354 347 334 299 277 273 272 252 220 210 203 202 198 164 163 162 161 160 159 123 122 121 120 119 118 117 116 115 114 113 112 111 110 109 108 88 87 86 44 43 42 17 16 7 6 5 4 3 2
>  252 1192 1189 1188 1115 1075 1043 1016 777 680 607 586 583 558 542 517 469 438 436 409 408 405 404 381 369 365 354 343 311 278 277 273 245 238 213 200 198 178 177 176 175 174 173 172 171 101 100 99 98 97 96 95 88 87 86 59 12 11 7 6 5 4 3 2
>  253 1184 1114 1075 1065 1064 1048 1012 951 945 932 903 710 685 678 669 633 631 616 568 540 529 527 522 517 495 456 449 422 381 380 354 333 320 277 273 240 220 205 203 198 133 132 131 130 129 128 123 122 121 120 119 118 117 116 88 87 86 26 25 24 17 7 6 5 4 3 2
>  254 199 94 93 92 91 90 89 10 9 8
>  255 1075 620 617 604 517 415 381 354 347 277 273 202 198 115 114 113 112 111 110 109 108 88 87 86 16 7 6 5 4 3 2
>  256 1187 1134 1101 1099 1088 1075 1045 1040 954 929 925 870 803 789 674 620 617 612 604 551 549 548 517 508 484 462 428 426 419 415 389 381 363 356 354 352 347 342 334 299 297 277 273 272 270 252 210 202 198 197 164 163 162 161 160 159 115 114 113 112 111 110 109 108 88 87 86 85 84 83 82 81 80 79 78 44 43 42 16 7 6 5 4 3 2 1
>  257 1201 1194 1192 1174 1142 1139 1098 1096 1075 1057 1043 1016 958 939 936 934 931 927 840 832 814 788 783 735 704 686 635 628 626 615 607 603 591 586 578 574 570 536 530 518 517 487 469 446 438 432 430 423 418 409 408 406 390 388 382 381 374 365 354 343 339 326 322 319 315 311 300 277 273 265 254 233 232 221 213 212 208 198 178 177 176 175 174 173 172 171 170 169 168 151 150 149 148 147 146 145 88 87 86 59 57 56 55 54 53 52 39 38 7 6 5 4 3 2
>  258 1214 1208 1206 1202 1200 1198 1196 1192 1191 1187 1184 1181 1178 1173 1172 1170 1167 1163 1161 1156 1145 1142 1141 1137 1135 1133 1128 1119 1116 1108 1102 1099 1097 1095 1093 1090 1088 1083 1075 1074 1071 1068 1065 1060 1053 1045 1043 1038 1036 1035 1024 1023 1021 1016 1006 1002 1001 998 997 996 995 993 990 988 985 978 958 957 956 955 954 947 944 941 937 933 932 929 928 925 922 921 915 911 909 905 904 902 895 893 885 880 876 875 874 873 870 864 859 855 851 847 845 835 828 823 822 820 819 814 812 809 808 806 803 802 800 799 796 795 792 789 785 784 782 781 771 765 762 759 757 751 748 747 746 745 743 742 741 739 737 736 735 730 729 728 719 718 715 711 708 704 693 692 691 686 684 683 672 669 665 664 663 657 656 652 650 645 644 642 641 638 636 631 623 622 620 617 616 607 604 601 597 595 590 588 587 586 578 570 565 556 555 554 551 548 543 540 538 537 531 529 527 525 523 521 520 518 517 512 511 509 507 505 494 484 475 469 466 462 458 455 452 451 448 446 438 435 433 430 429 428 426 423 422 417 415 409 408 406 403 398 397 396 395 389 387 383 381 380 379 375 374 372 371 366 365 363 358 357 356 354 352 350 348 347 343 342 333 327 317 316 315 314 311 310 302 297 295 290 288 283 282 281 277 274 273 270 267 265 262 257 246 244 242 236 235 233 221 219 216 213 212 205 202 201 198 197 188 187 186 185 178 177 176 175 174 173 172 171 170 169 168 133 132 131 130 115 114 113 112 111 110 109 108 107 106 105 104 103 102 88 87 86 85 84 83 82 81 80 79 78 76 75 74 73 72 59 57 56 55 54 53 52 29 28 27 26 25 24 16 15 14 13 7 6 5 4 3 2 1
>  259 1204 1142 1097 855 814 762 736 729 704 693 686 684 683 645 642 607 579 578 570 556 537 523 518 479 446 430 423 409 406 374 372 343 327 315 314 301 279 246 233 213 212 201 178 177 176 175 174 173 172 171 170 169 168 167 107 106 105 104 103 102 59 57 56 55 54 53 52 15 14 13
>  260 1215 1204 1201 1174 1171 1147 1146 1142 1139 1136 1097 1096 1072 1057 1028 1009 1003 984 979 964 949 948 931 920 906 888 878 867 855 841 840 832 817 814 807 798 791 775 762 736 729 704 699 693 690 688 686 684 683 673 671 668 645 642 637 628 626 615 607 603 591 580 579 578 570 561 559 556 537 536 535 530 523 522 519 518 479 474 467 465 456 450 449 446 445 432 430 423 418 409 406 399 390 388 382 374 372 362 351 343 339 331 327 326 322 315 314 308 301 300 279 275 258 254 246 243 233 232 213 212 208 203 201 178 177 176 175 174 173 172 171 170 169 168 167 151 150 149 148 147 146 145 123 122 121 120 119 118 117 116 107 106 105 104 103 102 59 57 56 55 54 53 52 39 38 17 15 14 13
>  261 1144 1092 989 651 611 577 470 330 309 207 204 144 143 142 141 140 139 138 127 126 125 124 37 36 22 21 20 19 18
>  262 1192 1189 1188 1115 1075 1043 1016 777 680 607 586 583 558 542 517 469 438 436 409 408 405 404 381 369 365 354 343 311 278 277 273 245 238 213 200 198 178 177 176 175 174 173 172 171 101 100 99 98 97 96 95 88 87 86 59 12 11 7 6 5 4 3 2
>  263 522 456 449 203 199 123 122 121 120 119 118 117 116 94 93 92 91 90 89 17 10 9 8
>  264 669 543 422 205 133 132 131 130 28 27 26 25 24
>  265 1023 851 715 669 656 644 590 543 422 403 219 205 201 133 132 131 130 107 106 105 104 103 102 28 27 26 25 24 15 14 13
