>  1 1197 1167 1071 856 717 547 434 396 368 334 324 311 239 210 207 110 109 108 107 106 105 91 90 89 15 14 13 7 6 5 4 3 2
>  2 1229 1214 1213 1208 1203 1201 1200 1197 1182 1170 1167 1150 1143 1138 1134 1130 1126 1115 1108 1092 1090 1071 1070 1069 1062 1045 1044 1033 1022 1013 1012 993 992 984 974 966 963 941 940 939 934 922 912 904 894 882 874 869 856 852 851 829 826 825 816 808 795 790 787 778 777 772 747 746 742 738 729 727 717 705 702 697 694 660 653 643 638 632 627 624 622 618 617 615 612 609 608 606 596 591 585 551 547 542 534 533 524 523 514 503 497 495 481 480 479 474 473 466 461 456 453 452 444 443 441 439 434 431 428 425 417 416 411 407 401 396 390 384 383 382 371 368 366 344 339 334 331 328 324 322 320 311 296 294 289 283 282 278 273 268 252 246 241 239 238 237 230 214 213 211 210 207 206 136 135 134 130 129 128 118 117 116 115 114 113 112 111 110 109 108 107 106 105 91 90 89 88 87 86 85 84 83 82 81 29 28 27 26 25 24 23 22 21 20 19 18 16 15 14 13 7 6 5 4 3 2 1
>  3 1219 1217 1195 1167 1132 1124 1080 1071 1067 1049 1002 930 868 859 841 817 797 748 737 725 710 698 646 620 607 599 597 569 566 562 553 517 457 440 429 421 396 386 369 356 355 336 324 315 291 259 255 223 222 207 184 183 182 181 180 179 178 177 176 175 174 91 90 89 65 64 63 62 61 60 59 7 6 5 4 3 2
>  4 1219 1209 1196 1170 1146 1129 1101 1062 1052 1014 1002 956 940 920 915 898 888 855 852 847 826 822 759 757 727 696 684 663 653 636 623 617 615 612 608 606 597 594 585 575 567 565 564 560 553 543 531 524 506 420 416 407 380 376 354 349 339 336 331 320 308 305 301 294 293 283 254 253 252 240 234 224 222 214 211 187 186 185 181 180 179 178 177 176 175 174 136 135 134 133 118 117 116 115 114 113 112 111 71 70 69 68 67 66 59 28 27 26 25 24 16
>  5 1167 1071 987 962 927 709 700 687 648 634 600 583 557 515 484 451 402 399 396 345 324 288 260 219 209 207 206 167 166 165 164 163 162 104 103 102 101 100 99 98 91 90 89 88 87 86 85 84 83 82 81 44 43 42 12 11 7 6 5 4 3 2 1
>  6 1209 1178 1167 1071 1021 847 770 720 680 678 657 647 640 619 595 588 575 568 567 559 491 483 475 470 469 406 396 359 332 324 321 285 279 277 251 228 227 224 217 215 207 205 204 203 202 201 200 199 198 187 186 185 154 153 152 151 150 149 148 140 139 138 137 91 90 89 80 71 70 69 68 67 66 39 38 35 34 33 32 31 7 6 5 4 3 2
>  7 1167 1071 962 634 583 557 484 451 402 399 396 345 324 288 219 207 167 166 165 164 163 162 91 90 89 44 43 42 7 6 5 4 3 2
>  8 1167 1071 396 324 207 91 90 89 7 6 5 4 3 2
>  9 1210 1170 1164 1153 1062 994 940 926 905 879 852 826 804 735 733 727 653 637 630 617 615 612 608 606 586 585 524 435 422 416 407 404 367 360 342 339 331 327 320 310 306 294 283 269 267 266 252 214 211 208 136 135 134 133 118 117 116 115 114 113 112 111 97 96 95 94 93 92 28 27 26 25 24 16 10 9 8
>  10 1167 1089 1071 1066 969 962 919 750 676 634 587 583 557 519 484 451 402 400 399 396 345 324 319 297 288 244 219 212 207 167 166 165 164 163 162 126 125 124 123 122 121 120 119 91 90 89 44 43 42 17 7 6 5 4 3 2
>  11 1229 1170 1167 1071 1062 1045 1013 940 852 826 825 727 660 653 627 617 615 612 608 606 596 585 524 479 453 443 441 428 416 407 396 366 339 331 324 320 294 283 273 252 230 214 211 207 136 135 134 118 117 116 115 114 113 112 111 91 90 89 29 28 27 26 25 24 16 7 6 5 4 3 2
>  12 1167 1071 962 634 583 557 484 451 402 399 396 345 324 288 219 207 167 166 165 164 163 162 91 90 89 44 43 42 7 6 5 4 3 2
>  13 1219 1131 1072 1061 1058 1047 1037 1016 1015 1003 1002 995 960 914 899 818 813 792 674 670 654 650 626 602 597 578 555 553 512 505 464 458 450 432 424 398 394 336 335 330 321 299 284 222 221 217 181 180 179 178 177 176 175 174 173 172 171 170 154 153 152 151 150 149 148 59 57 56 55 54 53 52 39 38
>  14 1219 1217 1196 1195 1169 1155 1104 1079 1067 1062 1052 1029 1014 1002 989 975 950 920 915 897 866 859 855 844 758 716 696 684 653 642 636 617 608 607 597 570 553 543 518 517 490 429 407 376 369 341 336 331 320 308 305 294 259 255 254 253 240 229 223 222 214 184 183 182 181 180 179 178 177 176 175 174 136 135 134 133 65 64 63 62 61 60 59 28 27 26 25 24
>  15 1219 1158 1131 1105 1072 1061 1058 1047 1037 1016 1015 1003 1002 998 995 960 929 919 914 909 899 818 813 812 792 693 676 674 670 654 650 635 626 602 597 590 587 578 556 555 553 519 512 505 501 476 468 464 458 450 432 424 398 394 372 336 335 333 330 321 319 304 299 298 284 264 222 221 217 212 181 180 179 178 177 176 175 174 173 172 171 170 154 153 152 151 150 149 148 126 125 124 123 122 121 120 119 59 57 56 55 54 53 52 39 38 17
>  16 1092 1081 939 787 452 411 401 318 237 213 130 129 128 127 22 21 20 19 18
>  17 1092 939 787 452 411 401 237 215 213 140 139 138 137 130 129 128 35 34 33 32 31 23 22 21 20 19 18
>  18 1062 653 617 608 407 331 320 294 214 136 135 30 29 28 27 26 25 24
>  19 1167 1071 1021 720 619 568 396 324 321 279 277 217 207 154 153 152 151 150 149 148 91 90 89 39 38 7 6 5 4 3 2
>  20 1219 1217 1195 1192 1131 1110 1109 1076 1072 1067 1061 1058 1047 1040 1037 1034 1016 1015 1003 1002 995 960 914 899 859 818 792 677 674 670 669 654 650 626 614 607 602 597 578 555 553 517 512 510 505 464 458 450 432 429 424 405 398 394 369 347 336 335 330 321 313 299 284 270 259 255 223 222 221 217 184 183 182 181 180 179 178 177 176 175 174 173 172 171 154 153 152 151 150 149 148 65 64 63 62 61 60 59 57 56 55 54 53 52 39 38
>  21 1228 1227 1222 1219 1209 1202 1196 1189 1172 1170 1157 1146 1145 1144 1137 1129 1128 1114 1101 1100 1099 1077 1075 1062 1052 1014 1002 956 940 920 917 915 898 888 855 852 847 826 822 801 780 759 757 734 727 696 695 684 663 653 636 623 617 615 612 608 606 597 594 585 575 567 565 564 560 558 553 548 543 531 525 524 506 489 471 420 416 407 380 376 370 354 353 349 340 339 336 331 320 308 305 301 300 294 293 292 283 254 253 252 240 234 232 224 222 216 214 211 187 186 185 181 180 179 178 177 176 175 174 147 146 145 144 143 142 141 136 135 134 133 118 117 116 115 114 113 112 111 71 70 69 68 67 66 59 37 36 28 27 26 25 24 16
>  22 1229 1228 1227 1222 1220 1219 1205 1202 1196 1190 1184 1181 1179 1175 1172 1170 1168 1167 1163 1162 1157 1156 1145 1144 1137 1133 1131 1128 1124 1119 1117 1116 1114 1112 1106 1100 1099 1097 1094 1085 1080 1077 1075 1074 1072 1071 1064 1062 1061 1058 1053 1052 1051 1048 1047 1045 1039 1037 1031 1021 1019 1016 1015 1014 1013 1003 1002 995 986 983 981 973 968 960 957 955 954 953 949 948 946 940 937 933 931 923 920 917 915 914 910 902 899 898 893 888 880 864 861 855 854 852 843 840 836 834 826 825 818 817 810 809 807 805 802 801 794 792 786 780 779 776 769 761 760 748 739 734 727 722 720 718 710 703 701 696 695 684 674 670 665 662 661 660 656 654 653 651 650 649 644 641 636 633 627 626 620 619 617 615 612 610 608 606 602 599 597 596 589 585 580 578 577 576 569 568 565 564 563 562 558 555 553 548 545 543 529 527 525 524 522 512 511 505 500 499 493 489 479 472 471 464 458 453 450 447 443 441 437 432 428 424 416 413 409 407 398 396 394 376 370 366 358 356 348 340 339 336 335 331 330 324 321 320 308 305 302 300 299 295 294 293 292 291 284 283 279 277 273 254 253 252 248 240 234 232 230 222 221 217 216 214 211 207 181 180 179 178 177 176 175 174 173 172 171 154 153 152 151 150 149 148 147 146 145 144 143 142 141 136 135 134 118 117 116 115 114 113 112 111 91 90 89 59 57 56 55 54 53 52 39 38 37 36 29 28 27 26 25 24 16 7 6 5 4 3 2
>  23 1213 1209 1203 1201 1199 1182 1170 1150 1130 1129 1126 1069 1062 1044 966 956 940 912 852 851 847 826 822 757 747 727 697 663 653 623 617 615 612 608 606 594 585 575 567 531 524 523 481 480 474 473 443 428 420 417 416 407 390 382 381 380 371 349 339 331 322 320 296 294 283 268 252 241 224 214 211 206 187 186 185 136 135 134 133 132 131 118 117 116 115 114 113 112 111 88 87 86 85 84 83 82 81 71 70 69 68 67 66 29 28 27 26 25 24 16 1
>  24 1167 1071 946 933 760 718 703 641 626 610 432 398 396 324 299 221 207 173 172 171 170 91 90 89 57 56 55 54 53 52 7 6 5 4 3 2
>  25 1219 1171 1167 1124 1082 1080 1073 1071 1050 1002 1000 978 945 906 817 763 748 715 710 692 686 673 620 599 597 584 569 562 553 540 477 467 396 392 360 357 356 336 324 291 258 222 208 207 181 180 179 178 177 176 175 174 97 96 95 94 93 92 91 90 89 59 10 9 8 7 6 5 4 3 2
>  26 1229 1219 1196 1170 1167 1124 1080 1071 1062 1052 1045 1014 1013 1002 940 920 915 902 898 888 880 864 855 852 826 825 817 748 727 710 696 684 660 653 636 627 620 617 615 612 608 606 599 597 596 585 569 565 564 562 553 543 524 479 453 443 441 428 416 407 396 376 366 356 339 336 331 324 320 308 305 294 293 291 283 273 254 253 252 240 234 230 222 214 211 207 181 180 179 178 177 176 175 174 136 135 134 118 117 116 115 114 113 112 111 91 90 89 59 29 28 27 26 25 24 16 7 6 5 4 3 2
>  27 1062 653 617 608 407 331 320 294 214 136 135 134 133 28 27 26 25 24
>  28 1219 1184 1175 1167 1131 1124 1080 1072 1071 1061 1058 1048 1047 1037 1021 1016 1015 1003 1002 995 960 954 953 946 933 914 910 899 818 817 802 792 760 748 739 720 718 710 703 674 670 654 650 641 626 620 619 610 602 599 597 578 569 568 562 555 553 512 505 464 458 450 432 424 398 396 394 356 336 335 330 324 321 299 291 284 279 277 222 221 217 207 181 180 179 178 177 176 175 174 173 172 171 154 153 152 151 150 149 148 91 90 89 59 57 56 55 54 53 52 39 38 7 6 5 4 3 2
>  29 1219 1167 1124 1080 1071 1002 987 927 817 748 710 709 700 687 648 620 600 599 597 569 562 553 515 396 356 336 324 291 260 222 209 207 181 180 179 178 177 176 175 174 104 103 102 101 100 99 98 91 90 89 59 12 11 7 6 5 4 3 2
>  30 1219 1131 1072 1061 1058 1047 1037 1016 1015 1003 1002 995 960 914 899 818 813 792 674 670 654 650 626 602 597 578 555 553 512 505 464 458 450 432 424 398 394 336 335 330 321 299 284 222 221 217 181 180 179 178 177 176 175 174 173 172 171 170 154 153 152 151 150 149 148 59 57 56 55 54 53 52 39 38
>  31 1167 1071 987 927 709 700 687 648 600 515 396 324 260 209 207 104 103 102 101 100 99 98 91 90 89 12 11 7 6 5 4 3 2
>  32 1217 1167 1071 930 841 737 725 698 646 607 566 457 440 421 396 386 355 324 315 255 223 207 184 183 182 91 90 89 65 64 63 62 61 60 7 6 5 4 3 2
>  33 1229 1225 1220 1219 1218 1214 1208 1205 1197 1196 1187 1170 1167 1165 1163 1143 1124 1118 1097 1087 1080 1071 1070 1062 1052 1051 1048 1045 1043 1033 1031 1027 1016 1015 1014 1013 1010 1002 986 983 981 949 948 946 940 933 931 922 920 916 915 911 907 903 902 901 898 894 893 888 886 884 882 881 880 876 874 873 869 864 856 855 852 845 843 837 836 833 827 826 825 818 817 810 808 807 794 792 790 786 779 777 772 769 765 764 760 748 742 727 723 719 718 717 710 707 706 704 703 701 696 694 684 674 670 667 665 660 653 650 644 641 636 633 632 627 626 620 617 615 612 610 608 606 599 597 596 585 580 571 569 565 564 562 555 553 551 547 543 541 524 522 511 486 479 472 466 463 461 458 453 443 441 434 432 428 416 407 398 397 396 383 379 376 373 368 366 356 339 336 334 331 330 324 320 311 308 305 303 302 299 294 293 291 289 287 284 283 278 273 254 253 252 248 240 239 234 230 222 221 214 211 210 207 181 180 179 178 177 176 175 174 173 172 171 136 135 134 133 118 117 116 115 114 113 112 111 110 109 108 107 106 105 91 90 89 59 57 56 55 54 53 52 29 28 27 26 25 24 16 15 14 13 7 6 5 4 3 2
>  34 1218 1213 1201 1187 1097 1093 1069 1062 1054 1051 1044 1023 1017 1001 983 970 961 931 916 908 903 876 874 873 869 851 843 831 808 791 762 741 724 723 719 668 653 633 632 626 617 608 591 582 580 572 571 551 547 541 522 511 486 480 472 466 463 461 432 407 398 395 389 382 379 373 331 328 323 322 320 314 303 302 299 294 282 246 241 239 221 214 210 206 173 172 171 136 135 134 133 110 109 108 107 106 105 88 87 86 85 84 83 82 81 57 56 55 54 53 52 29 28 27 26 25 24 15 14 13 1
>  35 1229 1213 1201 1199 1167 1071 1069 1044 962 851 825 667 660 653 634 617 608 583 557 484 453 451 441 407 402 399 396 382 381 366 345 331 324 294 288 230 219 214 207 206 167 166 165 164 163 162 136 135 134 133 132 131 91 90 89 88 87 86 85 84 83 82 81 44 43 42 26 25 24 7 6 5 4 3 2 1
>  36 1219 1167 1124 1080 1071 1002 888 826 817 748 727 710 672 627 620 615 612 599 597 596 585 574 569 565 564 562 553 416 396 356 339 336 324 293 291 273 234 222 218 211 207 181 180 179 178 177 176 175 174 161 160 159 158 157 156 155 118 117 116 115 114 113 112 111 91 90 89 59 41 40 16 7 6 5 4 3 2
>  37
>  38 1167 1071 1021 720 619 568 396 324 321 279 277 217 207 154 153 152 151 150 149 148 91 90 89 39 38 7 6 5 4 3 2
>  39 1209 847 640 575 567 475 406 228 227 224 215 205 204 203 202 201 200 199 198 187 186 185 140 139 138 137 80 71 70 69 68 67 66 35 34 33 32 31
>  40 1199 653 617 608 407 381 331 294 214 136 135 134 133 132 131 26 25 24
>  41 1220 1219 1205 1196 1170 1163 1097 1062 1052 1051 1016 1015 1014 1002 986 983 981 949 948 940 931 920 915 898 893 888 855 852 843 836 826 818 813 810 807 794 792 786 779 769 727 701 696 684 674 670 665 653 650 644 636 633 626 617 615 612 608 606 597 585 580 565 564 555 553 543 524 522 511 472 458 443 432 428 416 407 398 376 339 336 331 330 320 308 305 302 299 294 293 284 283 254 253 252 248 240 234 222 221 214 211 181 180 179 178 177 176 175 174 173 172 171 170 136 135 134 133 118 117 116 115 114 113 112 111 59 57 56 55 54 53 52 29 28 27 26 25 24 16
>  42 1219 1131 1072 1061 1058 1047 1037 1016 1015 1003 1002 995 960 914 899 818 813 792 674 670 654 650 626 602 597 578 555 553 512 505 464 458 450 432 424 398 394 336 335 330 321 299 284 222 221 217 181 180 179 178 177 176 175 174 173 172 171 170 154 153 152 151 150 149 148 59 57 56 55 54 53 52 39 38
>  43 1225 1220 1219 1218 1205 1196 1187 1170 1163 1118 1097 1087 1062 1052 1051 1033 1027 1016 1015 1014 1010 1002 986 983 981 949 948 940 931 920 916 915 911 907 903 898 894 893 888 886 882 881 876 874 873 869 855 852 845 843 837 836 826 818 810 808 807 794 792 790 786 779 777 769 765 742 727 723 719 707 706 704 701 696 694 684 674 670 665 653 650 644 636 633 632 626 617 615 612 608 606 597 585 580 571 565 564 555 553 551 547 543 541 524 522 511 486 472 466 463 461 458 443 432 428 416 407 398 397 383 379 376 373 339 336 331 330 320 308 305 303 302 299 294 293 289 287 284 283 278 254 253 252 248 240 239 234 222 221 214 211 210 181 180 179 178 177 176 175 174 173 172 171 136 135 134 133 118 117 116 115 114 113 112 111 110 109 108 107 106 105 59 57 56 55 54 53 52 29 28 27 26 25 24 16 15 14 13
>  44 1218 1187 1097 1062 1051 931 916 903 876 874 873 869 843 808 723 719 653 633 632 617 608 571 551 547 541 522 511 486 472 466 463 407 398 379 373 331 320 303 302 299 294 239 221 214 210 173 172 171 170 136 135 134 133 110 109 108 107 106 105 55 54 53 52 28 27 26 25 24 15 14 13
>  45 1219 1209 1198 1196 1170 1159 1146 1129 1101 1068 1062 1052 1038 1036 1035 1024 1014 1005 1002 990 956 940 936 920 919 915 898 892 888 875 867 855 852 847 842 826 824 822 812 799 783 759 757 728 727 721 712 696 684 676 664 663 658 653 636 635 623 617 615 612 608 606 597 594 587 585 575 567 565 564 560 556 553 550 546 543 531 524 520 519 506 501 498 487 478 476 445 420 419 418 416 407 380 376 374 354 349 339 336 331 329 320 319 308 305 301 294 293 290 283 274 254 253 252 250 247 240 234 224 222 214 212 211 187 186 185 181 180 179 178 177 176 175 174 136 135 134 133 126 125 124 123 122 121 120 119 118 117 116 115 114 113 112 111 71 70 69 68 67 66 59 28 27 26 25 24 17 16
>  46 1227 1167 1114 1071 1064 991 937 834 826 755 734 727 657 651 627 615 612 596 585 579 563 548 525 500 489 471 470 416 396 359 339 324 273 216 215 211 207 147 146 145 144 143 142 141 140 139 138 137 118 117 116 115 114 113 112 111 91 90 89 37 36 35 34 33 32 31 16 7 6 5 4 3 2
>  47 360 208 97 96 95 94 93 92 10 9 8
>  48 1219 1217 1195 1167 1132 1124 1080 1071 1067 1049 1002 930 868 859 841 817 797 748 737 725 710 698 646 620 607 599 597 569 566 562 553 517 457 440 429 421 396 386 369 356 355 336 324 315 291 259 255 223 222 207 184 183 182 181 180 179 178 177 176 175 174 91 90 89 65 64 63 62 61 60 59 7 6 5 4 3 2
>  49 1219 1167 1124 1080 1071 1002 817 748 710 672 620 599 597 574 569 562 553 396 356 336 324 291 222 218 207 181 180 179 178 177 176 175 174 161 160 159 158 157 156 155 91 90 89 59 41 40 7 6 5 4 3 2
>  50 1219 1216 1065 1002 991 888 850 838 826 806 755 749 727 699 691 689 683 631 615 612 597 585 581 579 565 564 557 553 530 516 451 416 402 399 345 339 336 293 263 261 234 222 219 215 211 181 180 179 178 177 176 175 174 167 166 165 164 163 162 140 139 138 137 118 117 116 115 114 113 112 111 59 44 43 42 35 34 33 32 31 16
>  51 1170 1062 1033 940 894 882 874 869 852 826 808 790 777 727 694 653 632 617 615 612 608 606 585 551 547 524 466 416 407 383 339 331 320 294 289 283 278 252 239 214 211 210 136 135 134 133 118 117 116 115 114 113 112 111 110 109 108 107 106 105 28 27 26 25 24 16 15 14 13
>  52 1209 1170 1129 1062 1033 956 940 894 882 874 869 852 847 826 822 808 790 777 757 727 694 663 653 632 623 617 615 612 608 606 594 585 575 567 551 547 531 524 466 420 416 407 383 380 349 339 331 320 294 289 283 278 252 239 224 214 211 210 187 186 185 136 135 134 133 118 117 116 115 114 113 112 111 110 109 108 107 106 105 71 70 69 68 67 66 28 27 26 25 24 16 15 14 13
>  53 1210 1164 1153 1062 994 804 735 653 637 617 608 586 435 407 367 360 331 327 320 306 294 266 214 208 136 135 134 133 97 96 95 94 93 92 28 27 26 25 24 10 9 8
>  54 1209 847 575 567 475 224 215 187 186 185 140 139 138 137 71 70 69 68 67 66 35 34 33 32 31
>  55 1219 1218 1187 1158 1131 1118 1107 1105 1072 1061 1059 1058 1047 1037 1016 1015 1010 1003 1002 998 995 976 960 938 929 919 914 909 903 899 886 863 818 813 812 792 723 719 714 707 706 704 693 676 674 670 654 650 635 626 625 602 597 592 590 587 578 571 556 555 553 547 541 519 512 505 501 486 476 468 464 463 458 450 432 426 424 398 397 394 379 373 372 365 346 338 337 336 335 333 330 321 319 304 303 299 298 287 284 264 239 222 221 217 212 210 181 180 179 178 177 176 175 174 173 172 171 170 154 153 152 151 150 149 148 126 125 124 123 122 121 120 119 110 109 108 107 106 105 59 57 56 55 54 53 52 39 38 17 15 14 13
>  56 1219 1217 1195 1067 1008 1002 919 913 859 812 676 635 607 597 587 556 553 519 517 501 492 476 429 369 336 319 259 255 249 223 222 212 184 183 182 181 180 179 178 177 176 175 174 126 125 124 123 122 121 120 119 65 64 63 62 61 60 59 17
>  57 1219 1218 1187 1158 1131 1118 1107 1105 1072 1061 1059 1058 1047 1037 1016 1015 1010 1003 1002 998 995 976 960 938 929 919 914 909 903 899 886 863 818 813 812 792 723 719 714 707 706 704 693 676 674 670 654 650 635 626 625 602 597 592 590 587 578 571 556 555 553 547 541 519 512 505 501 486 476 468 464 463 458 450 432 426 424 398 397 394 379 373 372 365 346 338 337 336 335 333 330 321 319 304 303 299 298 287 284 264 239 222 221 217 212 210 181 180 179 178 177 176 175 174 173 172 171 170 154 153 152 151 150 149 148 126 125 124 123 122 121 120 119 110 109 108 107 106 105 59 57 56 55 54 53 52 39 38 17 15 14 13
>  58 1219 1158 1131 1105 1072 1061 1058 1047 1037 1016 1015 1003 1002 998 995 960 929 919 914 909 899 818 813 812 792 693 676 674 670 654 650 635 626 602 597 590 587 578 556 555 553 519 512 505 501 476 468 464 458 450 432 424 398 394 372 336 335 333 330 321 319 304 299 298 284 264 222 221 217 212 181 180 179 178 177 176 175 174 173 172 171 170 154 153 152 151 150 149 148 126 125 124 123 122 121 120 119 59 57 56 55 54 53 52 39 38 17
>  59 1219 1216 1209 1196 1170 1146 1129 1101 1065 1062 1052 1046 1014 1007 1002 999 991 956 940 920 915 898 896 891 888 887 857 855 852 850 847 839 838 826 822 814 806 759 757 755 749 727 699 696 691 689 685 684 683 671 666 663 653 636 631 623 617 615 612 608 606 597 594 585 581 579 575 567 565 564 560 553 543 539 531 530 528 524 516 506 475 420 416 407 380 376 354 349 339 336 331 320 308 305 301 294 293 283 263 261 254 253 252 240 234 224 222 215 214 211 187 186 185 181 180 179 178 177 176 175 174 140 139 138 137 136 135 134 133 118 117 116 115 114 113 112 111 71 70 69 68 67 66 59 35 34 33 32 31 28 27 26 25 24 16
>  60 1219 1217 1196 1195 1170 1169 1155 1104 1088 1079 1067 1062 1052 1029 1014 1002 996 989 980 975 950 940 920 915 898 897 888 866 859 855 852 844 826 758 727 716 696 684 653 642 636 617 615 612 608 607 606 597 585 570 565 564 553 543 537 524 518 517 494 490 442 429 416 407 376 369 341 339 336 331 320 308 305 294 293 283 259 255 254 253 252 242 240 234 229 223 222 214 211 184 183 182 181 180 179 178 177 176 175 174 136 135 134 133 118 117 116 115 114 113 112 111 65 64 63 62 61 60 59 28 27 26 25 24 16
>  61 1221 1220 1219 1218 1210 1205 1196 1187 1164 1153 1136 1118 1098 1097 1087 1082 1062 1052 1051 1050 1027 1016 1015 1014 1010 1002 994 986 983 952 931 920 916 915 911 906 903 886 881 876 874 873 869 855 845 843 818 813 810 808 804 794 792 735 723 719 708 707 706 704 696 690 686 684 674 670 653 650 639 637 636 633 632 626 617 608 597 586 584 580 571 555 553 551 547 543 541 522 511 504 486 477 472 467 466 463 458 435 432 407 398 397 392 379 377 376 373 367 360 357 336 331 330 327 320 308 306 305 303 302 299 294 287 284 275 266 254 253 240 239 222 221 214 210 208 181 180 179 178 177 176 175 174 173 172 171 170 136 135 134 133 110 109 108 107 106 105 97 96 95 94 93 92 59 57 56 55 54 53 52 28 27 26 25 24 15 14 13 10 9 8
>  62 1167 1092 1071 984 939 787 618 534 495 452 431 411 401 396 384 344 324 238 237 213 207 130 129 128 91 90 89 23 22 21 20 19 18 7 6 5 4 3 2
>  63 1209 847 640 575 567 557 475 451 406 402 399 345 228 227 224 219 215 205 204 203 202 201 200 199 198 187 186 185 167 166 165 164 163 162 140 139 138 137 80 71 70 69 68 67 66 44 43 42 35 34 33 32 31
>  64 1229 1226 1224 1220 1219 1213 1205 1203 1201 1196 1194 1191 1190 1185 1184 1182 1181 1179 1175 1174 1170 1168 1167 1163 1162 1156 1150 1149 1147 1141 1139 1134 1133 1131 1130 1127 1126 1124 1123 1122 1116 1113 1108 1106 1097 1094 1085 1080 1074 1072 1071 1069 1062 1061 1058 1056 1054 1053 1052 1051 1048 1047 1045 1044 1039 1037 1032 1031 1023 1021 1019 1017 1016 1015 1014 1013 1003 1002 1001 995 988 986 983 981 973 972 970 968 966 965 961 960 958 957 955 954 953 949 948 946 940 933 931 925 920 915 914 912 910 908 902 899 898 893 889 888 880 878 871 865 864 861 860 855 854 852 851 843 840 836 831 826 825 819 818 817 810 807 802 800 794 792 789 786 781 779 778 776 769 767 761 760 748 747 746 741 739 732 730 727 724 720 718 710 703 701 697 696 688 684 674 670 668 665 662 660 655 654 653 650 649 644 641 636 633 627 626 620 619 617 615 612 610 608 606 603 602 599 597 596 589 585 582 580 578 576 572 569 568 565 564 562 555 553 545 543 529 527 524 523 522 521 512 511 505 499 493 481 480 479 474 473 472 464 458 453 450 447 443 441 437 432 428 424 423 417 416 409 407 398 396 395 394 390 389 382 376 371 366 358 356 339 336 335 331 330 326 324 323 322 321 320 314 308 305 302 299 296 295 294 293 291 284 283 280 279 277 273 268 265 254 253 252 248 241 240 234 230 222 221 217 214 211 207 206 181 180 179 178 177 176 175 174 173 172 171 154 153 152 151 150 149 148 136 135 134 118 117 116 115 114 113 112 111 91 90 89 88 87 86 85 84 83 82 81 59 57 56 55 54 53 52 39 38 29 28 27 26 25 24 16 7 6 5 4 3 2 1
>  65 1167 1071 396 324 207 91 90 89 7 6 5 4 3 2
>  66 1219 1216 1209 1196 1170 1146 1129 1101 1065 1062 1052 1046 1014 1007 1002 999 991 956 940 920 915 898 896 891 888 887 857 855 852 850 847 839 838 826 822 814 806 759 757 755 749 727 699 696 691 689 685 684 683 671 666 663 653 636 631 623 617 615 612 608 606 597 594 585 581 579 575 567 565 564 560 553 543 539 531 530 528 524 516 506 475 420 416 407 380 376 354 349 339 336 331 320 308 305 301 294 293 283 263 261 254 253 252 240 234 224 222 215 214 211 187 186 185 181 180 179 178 177 176 175 174 140 139 138 137 136 135 134 133 118 117 116 115 114 113 112 111 71 70 69 68 67 66 59 35 34 33 32 31 28 27 26 25 24 16
>  67 1218 1197 1187 1167 1165 1072 1071 1061 1059 1058 1021 1003 995 976 960 954 946 938 933 910 903 901 863 856 760 723 720 719 717 714 703 641 619 602 578 571 568 547 541 512 486 464 463 450 434 432 426 424 398 396 379 373 368 346 334 324 321 311 303 299 279 277 239 221 217 210 207 173 172 171 170 154 153 152 151 150 149 148 110 109 108 107 106 105 91 90 89 56 55 54 53 52 39 38 15 14 13 7 6 5 4 3 2
>  68 1219 1218 1187 1131 1118 1107 1072 1061 1059 1058 1047 1037 1016 1015 1010 1003 1002 995 976 960 938 914 903 899 886 863 818 813 792 723 719 714 707 706 704 674 670 654 650 626 602 597 578 571 555 553 547 541 512 505 486 464 463 458 450 432 426 424 398 397 394 379 373 346 336 335 330 321 303 299 287 284 239 222 221 217 210 181 180 179 178 177 176 175 174 173 172 171 170 154 153 152 151 150 149 148 110 109 108 107 106 105 59 57 56 55 54 53 52 39 38 15 14 13
>  69 1167 1071 826 727 627 615 612 596 585 416 396 339 324 273 211 207 118 117 116 115 114 113 112 111 91 90 89 16 7 6 5 4 3 2
>  70 1219 1167 1124 1080 1071 1002 987 927 817 748 710 709 700 687 648 620 600 599 597 569 562 553 515 396 356 336 324 291 260 222 209 207 181 180 179 178 177 176 175 174 104 103 102 101 100 99 98 91 90 89 59 12 11 7 6 5 4 3 2
>  71 1219 1002 687 603 600 597 553 423 336 326 280 265 222 209 206 181 180 179 178 177 176 175 174 104 103 102 101 100 99 98 88 87 86 85 84 83 82 81 59 12 11 1
>  72 1229 1223 1213 1212 1206 1201 1180 1167 1111 1102 1084 1071 1069 1062 1044 971 951 877 851 849 825 823 803 774 746 681 679 660 653 645 629 617 611 608 554 538 535 513 509 508 480 479 455 453 441 415 407 396 388 382 366 350 331 324 322 320 317 307 294 241 231 230 225 214 207 206 191 190 189 188 136 135 134 91 90 89 88 87 86 85 84 83 82 81 76 75 74 73 72 29 28 27 26 25 24 7 6 5 4 3 2 1
>  73 1179 1171 1167 1162 1148 1071 1021 1009 978 973 964 945 926 905 879 826 733 727 720 715 692 673 662 649 630 627 619 615 612 596 589 585 568 540 529 447 422 416 409 404 396 360 342 339 324 321 310 279 277 273 269 267 258 217 211 208 207 154 153 152 151 150 149 148 118 117 116 115 114 113 112 111 97 96 95 94 93 92 91 90 89 39 38 16 10 9 8 7 6 5 4 3 2
>  74 1167 1071 1064 962 937 834 651 634 583 563 557 525 500 484 451 402 399 396 345 324 288 219 216 207 167 166 165 164 163 162 147 146 145 144 143 142 141 91 90 89 44 43 42 37 36 7 6 5 4 3 2
>  75 1219 1197 1167 1124 1080 1071 1043 1010 1002 886 884 856 827 817 764 748 717 710 707 706 704 620 599 597 569 562 553 547 434 397 396 368 356 336 334 324 311 291 287 239 222 210 207 181 180 179 178 177 176 175 174 110 109 108 107 106 105 91 90 89 59 15 14 13 7 6 5 4 3 2
>  76 1213 1201 1069 1062 1044 851 653 617 608 480 407 382 331 322 320 294 241 214 206 136 135 134 88 87 86 85 84 83 82 81 29 28 27 26 25 24 1
>  77 1167 1072 1071 1061 1058 1021 1003 995 960 954 946 933 914 910 760 720 718 703 654 641 626 619 610 602 578 568 512 464 450 432 424 398 396 324 321 299 279 277 221 217 207 173 172 171 154 153 152 151 150 149 148 91 90 89 57 56 55 54 53 52 39 38 7 6 5 4 3 2
>  78 1167 1071 962 634 583 557 484 451 402 399 396 345 324 288 219 207 167 166 165 164 163 162 91 90 89 44 43 42 7 6 5 4 3 2
>  79 1219 1209 1146 1082 1050 1002 906 847 759 686 597 584 575 567 560 553 506 477 467 392 360 357 354 336 301 224 222 208 187 186 185 181 180 179 178 177 176 175 174 97 96 95 94 93 92 71 70 69 68 67 66 59 10 9 8
>  80 1062 653 617 608 407 331 320 294 214 136 135 134 29 28 27 26 25 24
>  81 1225 1220 1219 1218 1205 1196 1193 1190 1187 1186 1179 1170 1168 1163 1162 1156 1154 1131 1118 1116 1107 1106 1097 1094 1087 1085 1074 1072 1062 1061 1059 1058 1053 1052 1051 1047 1039 1037 1033 1027 1016 1015 1014 1010 1003 1002 995 986 983 981 976 973 968 960 957 955 949 948 947 940 938 931 920 916 915 914 911 907 903 899 898 894 893 888 886 882 881 876 874 873 869 863 861 855 854 852 845 843 840 837 836 826 818 810 808 807 794 792 790 786 779 777 769 766 765 761 751 742 727 723 719 714 707 706 704 701 696 694 684 674 670 665 662 654 653 650 649 644 636 633 632 626 617 615 612 608 606 602 597 589 585 580 578 576 571 565 564 555 553 551 547 545 543 541 529 527 524 522 512 511 505 499 493 486 472 466 464 463 461 458 450 447 443 437 432 428 426 424 416 409 407 398 397 394 383 379 376 373 358 346 339 336 335 331 330 321 320 316 308 305 303 302 299 295 294 293 289 287 284 283 278 254 253 252 248 240 239 234 222 221 217 214 211 210 181 180 179 178 177 176 175 174 173 172 171 154 153 152 151 150 149 148 136 135 134 133 118 117 116 115 114 113 112 111 110 109 108 107 106 105 59 57 56 55 54 53 52 39 38 29 28 27 26 25 24 16 15 14 13
>  82 1166 1068 1062 1036 1011 919 782 676 653 640 617 608 587 526 519 478 459 433 407 406 331 320 319 294 276 271 245 233 228 227 214 212 205 204 203 202 201 200 199 198 136 135 134 126 125 124 123 122 121 120 119 80 29 28 27 26 25 24 17
>  83 1167 1071 962 634 583 557 484 451 402 399 396 345 324 288 219 207 167 166 165 164 163 162 91 90 89 44 43 42 7 6 5 4 3 2
>  84 1167 1071 396 324 207 91 90 89 7 6 5 4 3 2
>  85 1219 1158 1131 1105 1072 1061 1058 1047 1037 1016 1015 1003 1002 998 995 960 929 919 914 909 899 818 813 812 792 693 676 674 670 654 650 635 626 602 597 590 587 578 556 555 553 519 512 505 501 476 468 464 458 450 432 424 398 394 372 336 335 333 330 321 319 304 299 298 284 264 222 221 217 212 181 180 179 178 177 176 175 174 173 172 171 170 154 153 152 151 150 149 148 126 125 124 123 122 121 120 119 59 57 56 55 54 53 52 39 38 17
>  86 1219 1131 1072 1061 1058 1047 1037 1016 1015 1003 1002 995 960 914 899 818 813 792 674 670 654 650 626 602 597 578 555 553 512 505 464 458 450 432 424 398 394 336 335 330 321 299 284 222 221 217 181 180 179 178 177 176 175 174 173 172 171 170 154 153 152 151 150 149 148 59 57 56 55 54 53 52 39 38
>  87 1062 653 617 608 407 331 320 294 214 136 135 134 133 28 27 26 25 24
>  88 1167 1071 396 324 207 91 90 89 7 6 5 4 3 2
>  89 1219 1167 1124 1080 1071 1002 987 927 888 826 817 748 727 710 709 700 687 648 627 620 615 612 600 599 597 596 585 569 565 564 562 553 515 416 396 356 339 336 324 293 291 273 260 234 222 211 209 207 181 180 179 178 177 176 175 174 118 117 116 115 114 113 112 111 104 103 102 101 100 99 98 91 90 89 59 16 12 11 7 6 5 4 3 2
>  90 1219 1167 1124 1080 1071 1002 817 748 710 620 599 597 569 562 553 396 356 336 324 291 222 207 181 180 179 178 177 176 175 174 91 90 89 59 7 6 5 4 3 2
>  91 1219 1217 1196 1195 1170 1169 1155 1104 1088 1079 1067 1062 1052 1029 1014 1002 996 989 980 975 950 940 920 915 898 897 888 866 859 855 852 844 826 758 727 716 696 684 653 642 636 617 615 612 608 607 606 597 585 570 565 564 553 543 537 524 518 517 494 490 442 429 416 407 376 369 341 339 336 331 320 308 305 294 293 283 259 255 254 253 252 242 240 234 229 223 222 214 211 184 183 182 181 180 179 178 177 176 175 174 136 135 134 133 118 117 116 115 114 113 112 111 65 64 63 62 61 60 59 28 27 26 25 24 16
>  92 1167 1072 1071 1061 1058 1021 1003 995 960 954 946 933 914 910 760 720 718 703 654 641 626 619 610 602 578 568 512 464 450 432 424 398 396 324 321 299 279 277 221 217 207 173 172 171 154 153 152 151 150 149 148 91 90 89 57 56 55 54 53 52 39 38 7 6 5 4 3 2
>  93
>  94 1219 1131 1072 1061 1058 1047 1037 1016 1015 1003 1002 995 960 914 899 818 813 792 674 670 654 650 626 602 597 578 555 553 512 505 464 458 450 432 424 398 394 336 335 330 321 299 284 222 221 217 181 180 179 178 177 176 175 174 173 172 171 170 154 153 152 151 150 149 148 59 57 56 55 54 53 52 39 38
>  95 1209 1206 1180 1178 1167 1084 1071 847 770 681 678 657 647 629 575 567 559 538 475 470 469 455 396 359 324 317 307 251 225 224 215 207 191 190 189 188 187 186 185 140 139 138 137 91 90 89 76 75 74 73 72 71 70 69 68 67 66 35 34 33 32 31 7 6 5 4 3 2
>  96 1229 1220 1219 1205 1196 1190 1184 1181 1179 1175 1170 1168 1167 1163 1162 1156 1133 1131 1124 1116 1106 1097 1094 1085 1080 1074 1072 1071 1062 1061 1058 1053 1052 1051 1048 1047 1045 1039 1037 1031 1021 1019 1016 1015 1014 1013 1003 1002 995 986 983 981 973 968 960 957 955 954 953 949 948 946 940 933 931 920 915 914 910 902 899 898 893 888 880 864 861 855 854 852 843 840 836 826 825 818 817 810 807 802 794 792 786 779 776 769 761 760 748 739 727 720 718 710 703 701 696 684 674 670 665 662 660 654 653 650 649 644 641 636 633 627 626 620 619 617 615 612 610 608 606 602 599 597 596 589 585 580 578 576 569 568 565 564 562 555 553 545 543 529 527 524 522 512 511 505 499 493 479 472 464 458 453 450 447 443 441 437 432 428 424 416 409 407 398 396 394 376 366 358 356 339 336 335 331 330 324 321 320 308 305 302 299 295 294 293 291 284 283 279 277 273 254 253 252 248 240 234 230 222 221 217 214 211 207 181 180 179 178 177 176 175 174 173 172 171 154 153 152 151 150 149 148 136 135 134 118 117 116 115 114 113 112 111 91 90 89 59 57 56 55 54 53 52 39 38 29 28 27 26 25 24 16 7 6 5 4 3 2
>  97 1219 1184 1179 1175 1167 1162 1131 1124 1094 1080 1072 1071 1061 1058 1048 1047 1037 1021 1016 1015 1003 1002 995 981 973 960 954 953 949 948 946 933 914 910 899 888 840 836 826 818 817 807 802 792 779 769 760 748 739 727 720 718 710 703 701 674 670 665 662 654 650 649 644 641 627 626 620 619 615 612 610 602 599 597 596 589 585 578 569 568 565 564 562 555 553 529 512 505 464 458 450 447 432 424 416 409 398 396 394 356 339 336 335 330 324 321 299 293 291 284 279 277 273 248 234 222 221 217 211 207 181 180 179 178 177 176 175 174 173 172 171 154 153 152 151 150 149 148 118 117 116 115 114 113 112 111 91 90 89 59 57 56 55 54 53 52 39 38 16 7 6 5 4 3 2
>  98 1167 1089 1071 1066 969 919 750 676 587 519 400 396 324 319 297 244 212 207 126 125 124 123 122 121 120 119 91 90 89 17 7 6 5 4 3 2
>  99 1219 1167 1124 1080 1071 1002 817 748 710 620 599 597 569 562 553 396 356 336 324 291 222 207 181 180 179 178 177 176 175 174 91 90 89 59 7 6 5 4 3 2
>  100 1167 1071 987 927 709 700 687 648 600 515 396 324 260 209 207 206 104 103 102 101 100 99 98 91 90 89 88 87 86 85 84 83 82 81 12 11 7 6 5 4 3 2 1
>  101 1229 1167 1071 1062 825 667 660 653 617 608 479 453 441 407 396 366 331 324 320 294 230 214 207 136 135 134 133 91 90 89 28 27 26 25 24 7 6 5 4 3 2
>  102 1170 1068 1062 1036 1033 940 919 894 892 882 874 869 867 852 842 826 808 793 790 777 745 742 727 694 676 658 653 632 625 617 615 612 608 606 592 587 585 551 550 547 546 524 520 519 498 478 466 461 443 428 418 416 407 383 374 365 339 338 337 331 320 319 294 290 289 283 278 274 252 250 239 214 212 211 210 136 135 134 126 125 124 123 122 121 120 119 118 117 116 115 114 113 112 111 110 109 108 107 106 105 29 28 27 26 25 24 17 16 15 14 13
>  103 708 690 639 626 504 432 398 377 360 299 275 221 208 173 172 171 97 96 95 94 93 92 57 56 55 54 53 52 10 9 8
>  104 1218 1210 1199 1187 1125 1095 1020 994 981 949 940 931 926 905 903 894 882 879 876 874 873 869 852 836 826 808 807 786 779 769 765 744 733 727 723 719 708 701 694 690 665 653 644 639 637 632 630 626 617 615 612 608 606 598 585 571 551 547 541 524 522 504 486 472 466 463 435 432 422 416 407 404 398 383 381 379 377 373 367 360 342 339 331 310 306 303 302 299 294 289 278 275 269 267 266 252 248 239 221 214 211 210 208 173 172 171 136 135 134 133 132 131 118 117 116 115 114 113 112 111 110 109 108 107 106 105 97 96 95 94 93 92 57 56 55 54 53 52 26 25 24 16 15 14 13 10 9 8
>  105 1229 1226 1224 1220 1219 1213 1205 1203 1201 1196 1194 1191 1190 1185 1184 1182 1181 1179 1175 1174 1170 1168 1167 1163 1162 1156 1150 1149 1147 1141 1139 1134 1133 1131 1130 1127 1126 1124 1123 1122 1116 1113 1108 1106 1097 1094 1085 1080 1074 1072 1071 1069 1062 1061 1058 1056 1054 1053 1052 1051 1048 1047 1045 1044 1039 1037 1032 1031 1023 1021 1019 1017 1016 1015 1014 1013 1003 1002 1001 995 988 986 983 981 973 972 970 968 966 965 961 960 958 957 955 954 953 949 948 946 940 933 931 925 920 915 914 912 910 908 902 899 898 893 889 888 880 878 871 865 864 861 860 855 854 852 851 843 840 836 831 826 825 819 818 817 810 807 802 800 794 792 789 786 781 779 778 776 769 767 761 760 748 747 746 741 739 732 730 727 724 720 718 710 703 701 697 696 688 684 674 670 668 665 662 660 655 654 653 650 649 644 641 636 633 627 626 620 619 617 615 612 610 608 606 603 602 599 597 596 589 585 582 580 578 576 572 569 568 565 564 562 555 553 545 543 529 527 524 523 522 521 512 511 505 499 493 481 480 479 474 473 472 464 458 453 450 447 443 441 437 432 428 424 423 417 416 409 407 398 396 395 394 390 389 382 376 371 366 358 356 339 336 335 331 330 326 324 323 322 321 320 314 308 305 302 299 296 295 294 293 291 284 283 280 279 277 273 268 265 254 253 252 248 241 240 234 230 222 221 217 214 211 207 206 181 180 179 178 177 176 175 174 173 172 171 154 153 152 151 150 149 148 136 135 134 118 117 116 115 114 113 112 111 91 90 89 88 87 86 85 84 83 82 81 59 57 56 55 54 53 52 39 38 29 28 27 26 25 24 16 7 6 5 4 3 2 1
>  106 1199 1170 1062 940 852 826 727 653 617 615 612 608 606 585 524 416 407 381 339 331 320 294 283 252 214 211 136 135 134 133 132 131 118 117 116 115 114 113 112 111 28 27 26 25 24 16
>  107 1158 998 929 919 909 693 676 587 519 468 432 398 319 299 264 221 212 173 172 171 170 126 125 124 123 122 121 120 119 56 55 54 53 52 17
>  108 1167 1071 987 927 709 700 687 648 600 515 396 324 260 209 207 206 104 103 102 101 100 99 98 91 90 89 88 87 86 85 84 83 82 81 12 11 7 6 5 4 3 2 1
>  109 1209 1198 1170 1129 1068 1062 1046 1036 1035 999 991 990 956 940 919 892 867 857 852 847 842 839 826 822 783 757 755 728 727 721 712 685 676 671 666 664 663 658 653 623 617 615 612 608 606 594 587 585 579 575 567 550 546 539 531 528 524 520 519 498 487 478 475 445 420 419 418 416 407 380 374 349 339 331 329 320 319 294 290 283 274 252 250 247 224 215 214 212 211 187 186 185 140 139 138 137 136 135 134 133 126 125 124 123 122 121 120 119 118 117 116 115 114 113 112 111 71 70 69 68 67 66 35 34 33 32 31 28 27 26 25 24 17 16
>  110 1219 1173 1167 1124 1089 1080 1071 1066 1002 987 969 927 919 817 812 750 748 710 709 700 687 676 648 635 620 600 599 597 587 569 562 556 553 519 515 501 476 400 396 356 336 324 319 297 291 260 244 222 212 209 207 181 180 179 178 177 176 175 174 126 125 124 123 122 121 120 119 104 103 102 101 100 99 98 91 90 89 59 17 12 11 7 6 5 4 3 2
>  111 1209 847 575 567 475 224 215 187 186 185 140 139 138 137 71 70 69 68 67 66 35 34 33 32 31
>  112 1219 1218 1187 1158 1131 1118 1107 1105 1072 1061 1059 1058 1047 1037 1016 1015 1010 1003 1002 998 995 976 960 938 929 919 914 909 903 899 886 863 818 813 812 792 723 719 714 707 706 704 693 676 674 670 654 650 635 626 625 602 597 592 590 587 578 571 556 555 553 547 541 519 512 505 501 486 476 468 464 463 458 450 432 426 424 398 397 394 379 373 372 365 346 338 337 336 335 333 330 321 319 304 303 299 298 287 284 264 239 222 221 217 212 210 181 180 179 178 177 176 175 174 173 172 171 170 154 153 152 151 150 149 148 126 125 124 123 122 121 120 119 110 109 108 107 106 105 59 57 56 55 54 53 52 39 38 17 15 14 13
>  113 1229 1226 1224 1220 1219 1213 1205 1203 1201 1196 1194 1191 1190 1185 1184 1182 1181 1179 1175 1174 1170 1168 1167 1163 1162 1156 1150 1149 1147 1141 1139 1134 1133 1131 1130 1127 1126 1124 1123 1122 1116 1113 1108 1106 1097 1094 1085 1080 1074 1072 1071 1069 1062 1061 1058 1056 1054 1053 1052 1051 1048 1047 1045 1044 1039 1037 1032 1031 1023 1021 1019 1017 1016 1015 1014 1013 1003 1002 1001 995 988 986 983 981 973 972 970 968 966 965 961 960 958 957 955 954 953 949 948 946 940 933 931 925 920 915 914 912 910 908 902 899 898 893 889 888 880 878 871 865 864 861 860 855 854 852 851 843 840 836 831 826 825 819 818 817 810 807 802 800 794 792 789 786 781 779 778 776 769 767 761 760 748 747 746 741 739 732 730 727 724 720 718 710 703 701 697 696 688 684 674 670 668 665 662 660 655 654 653 650 649 644 641 636 633 627 626 620 619 617 615 612 610 608 606 603 602 599 597 596 589 585 582 580 578 576 572 569 568 565 564 562 555 553 545 543 529 527 524 523 522 521 512 511 505 499 493 481 480 479 474 473 472 464 458 453 450 447 443 441 437 432 428 424 423 417 416 409 407 398 396 395 394 390 389 382 376 371 366 358 356 339 336 335 331 330 326 324 323 322 321 320 314 308 305 302 299 296 295 294 293 291 284 283 280 279 277 273 268 265 254 253 252 248 241 240 234 230 222 221 217 214 211 207 206 181 180 179 178 177 176 175 174 173 172 171 154 153 152 151 150 149 148 136 135 134 118 117 116 115 114 113 112 111 91 90 89 88 87 86 85 84 83 82 81 59 57 56 55 54 53 52 39 38 29 28 27 26 25 24 16 7 6 5 4 3 2 1
>  114 1167 1089 1071 1066 969 919 750 676 587 519 400 396 324 319 297 244 212 207 126 125 124 123 122 121 120 119 91 90 89 17 7 6 5 4 3 2
>  115 1145 1144 1100 1062 695 653 617 608 525 407 370 340 331 320 300 294 292 232 216 214 147 146 145 144 143 142 141 136 135 134 37 36 29 28 27 26 25 24
>  116 1171 1167 1071 978 945 715 692 673 540 396 360 324 258 208 207 206 97 96 95 94 93 92 91 90 89 88 87 86 85 84 83 82 81 10 9 8 7 6 5 4 3 2 1
>  117 1167 1071 826 727 627 615 612 596 585 416 396 339 324 273 211 207 118 117 116 115 114 113 112 111 91 90 89 16 7 6 5 4 3 2
>  118 360 208 97 96 95 94 93 92 10 9 8
>  119 1229 1210 1206 1204 1180 1171 1170 1167 1164 1153 1148 1111 1102 1096 1084 1078 1071 1062 1045 1013 1009 994 978 971 964 959 945 940 926 918 905 879 852 826 825 823 804 796 735 733 727 715 711 692 681 679 673 660 653 645 637 630 629 627 617 615 612 611 608 606 596 586 585 540 538 524 508 479 455 453 443 441 435 428 422 416 415 414 407 404 396 367 366 360 342 339 331 327 324 320 317 310 307 306 294 283 273 269 267 266 258 252 231 230 225 214 211 208 207 191 190 189 188 136 135 134 118 117 116 115 114 113 112 111 97 96 95 94 93 92 91 90 89 76 75 74 73 72 29 28 27 26 25 24 16 10 9 8 7 6 5 4 3 2
>  120 1227 1167 1114 1071 1064 987 937 927 834 826 734 727 709 700 687 651 648 627 615 612 600 596 585 563 548 525 515 500 489 471 416 396 339 324 273 260 216 211 209 207 147 146 145 144 143 142 141 118 117 116 115 114 113 112 111 104 103 102 101 100 99 98 91 90 89 37 36 16 12 11 7 6 5 4 3 2
>  121 360 208 97 96 95 94 93 92 10 9 8
>  122 1219 1173 1167 1124 1089 1080 1071 1066 1002 969 919 817 812 750 748 710 676 635 620 599 597 587 569 562 556 553 519 501 476 400 396 356 336 324 319 297 291 244 222 212 207 181 180 179 178 177 176 175 174 126 125 124 123 122 121 120 119 91 90 89 59 17 7 6 5 4 3 2
>  123 1217 1209 1203 1198 1182 1178 1167 1150 1134 1130 1108 1089 1088 1071 1066 1046 1035 1008 991 980 977 969 956 930 919 913 892 890 867 847 842 841 826 822 783 778 770 757 755 750 747 737 728 727 725 721 712 698 697 678 676 664 663 658 657 647 646 627 623 615 612 607 596 594 587 585 579 575 567 566 559 552 550 546 537 531 523 520 519 498 494 492 487 481 475 474 473 470 469 457 445 442 440 421 419 418 417 416 408 400 396 391 390 386 380 375 374 371 359 355 351 349 343 339 329 324 319 315 297 296 290 274 273 268 255 251 250 249 247 244 242 236 224 223 215 212 211 207 206 187 186 185 184 183 182 140 139 138 137 126 125 124 123 122 121 120 119 118 117 116 115 114 113 112 111 91 90 89 88 87 86 85 84 83 82 81 71 70 69 68 67 66 65 64 63 62 61 60 35 34 33 32 31 17 16 7 6 5 4 3 2 1
>  124 1219 1167 1135 1124 1092 1080 1071 1002 984 982 967 939 883 817 787 748 726 710 659 620 618 613 604 599 597 569 562 553 534 495 482 452 438 431 411 401 396 385 384 356 344 336 324 291 243 238 237 222 213 207 181 180 179 178 177 176 175 174 130 129 128 91 90 89 59 23 22 21 20 19 18 7 6 5 4 3 2
>  125 1166 1145 1144 1100 1062 1011 782 695 653 640 617 608 526 525 459 433 407 406 370 353 340 331 320 300 294 292 276 271 245 233 232 228 227 216 214 205 204 203 202 201 200 199 198 147 146 145 144 143 142 141 136 135 134 133 80 37 36 28 27 26 25 24
>  126 1167 1089 1071 1066 969 919 750 676 587 519 400 396 324 319 297 244 212 207 126 125 124 123 122 121 120 119 91 90 89 17 7 6 5 4 3 2
>  127 1167 1071 946 933 760 718 703 641 626 610 432 398 396 324 299 221 207 173 172 171 91 90 89 57 56 55 54 53 52 7 6 5 4 3 2
>  128 1171 1167 1071 978 945 715 692 673 540 396 360 324 258 208 207 97 96 95 94 93 92 91 90 89 10 9 8 7 6 5 4 3 2
>  129 1229 1219 1217 1196 1195 1170 1169 1167 1155 1132 1124 1104 1088 1083 1080 1079 1071 1067 1062 1052 1049 1045 1029 1014 1013 1002 996 989 980 975 950 940 930 921 920 915 902 898 897 888 880 872 868 866 864 859 855 852 848 844 841 833 826 825 817 797 758 748 737 727 725 716 710 698 696 684 667 660 653 646 642 636 627 620 617 615 612 608 607 606 599 597 596 585 570 569 566 565 564 562 553 543 537 524 518 517 494 490 479 457 453 443 442 441 440 429 428 421 416 407 396 386 376 369 366 356 355 341 339 336 331 324 320 315 308 305 294 293 291 283 273 259 255 254 253 252 242 240 234 230 229 223 222 214 211 207 184 183 182 181 180 179 178 177 176 175 174 136 135 134 133 118 117 116 115 114 113 112 111 91 90 89 65 64 63 62 61 60 59 29 28 27 26 25 24 16 7 6 5 4 3 2
>  130
>  131 1219 1167 1124 1080 1071 1064 1002 937 834 817 748 710 651 620 599 597 569 563 562 558 553 525 500 396 356 336 324 291 222 216 207 181 180 179 178 177 176 175 174 147 146 145 144 143 142 141 91 90 89 59 37 36 7 6 5 4 3 2
>  132 1219 1167 1124 1080 1071 1002 817 748 710 620 599 597 569 562 553 396 356 336 324 291 222 207 181 180 179 178 177 176 175 174 91 90 89 59 7 6 5 4 3 2
>  133 1171 1167 1148 1071 1009 978 964 945 926 905 879 826 733 727 715 692 673 630 627 615 612 596 585 540 422 416 404 396 360 342 339 324 310 273 269 267 258 211 208 207 118 117 116 115 114 113 112 111 97 96 95 94 93 92 91 90 89 16 10 9 8 7 6 5 4 3 2
>  134 1209 847 575 567 475 224 215 187 186 185 140 139 138 137 71 70 69 68 67 66 35 34 33 32 31
>  135 1219 1213 1201 1196 1191 1113 1087 1069 1062 1052 1044 1027 1014 1010 1002 920 915 911 886 881 874 871 869 855 853 851 845 808 707 706 704 696 684 653 636 632 617 608 603 597 591 553 551 547 543 480 466 423 407 397 382 376 336 331 328 326 322 320 308 305 294 287 282 280 265 254 253 246 240 239 222 214 210 206 181 180 179 178 177 176 175 174 136 135 134 133 110 109 108 107 106 105 88 87 86 85 84 83 82 81 59 28 27 26 25 24 15 14 13 1
>  136 1167 1092 1089 1071 1066 1022 984 977 969 963 939 919 816 787 750 729 705 676 643 638 622 618 587 552 534 519 497 495 452 439 431 411 408 401 400 396 391 384 375 351 344 343 324 319 297 244 238 237 236 213 212 207 206 130 129 128 126 125 124 123 122 121 120 119 91 90 89 88 87 86 85 84 83 82 81 23 22 21 20 19 18 17 7 6 5 4 3 2 1
>  137 1219 1216 1167 1124 1080 1071 1065 1002 850 838 817 806 749 748 710 699 691 689 683 657 631 620 599 597 581 569 562 553 530 516 470 396 359 356 336 324 291 263 261 222 215 207 181 180 179 178 177 176 175 174 140 139 138 137 91 90 89 59 35 34 33 32 31 7 6 5 4 3 2
>  138 1167 1071 826 727 627 615 612 596 585 416 396 339 324 273 211 207 118 117 116 115 114 113 112 111 91 90 89 16 7 6 5 4 3 2
>  139 1217 1206 1180 1167 1160 1103 1084 1071 1006 930 862 841 788 737 725 698 681 657 646 629 607 566 538 496 470 462 457 455 449 440 421 396 386 361 359 355 324 317 315 307 255 225 223 215 207 191 190 189 188 184 183 182 140 139 138 137 91 90 89 76 75 74 73 72 65 64 63 62 61 60 35 34 33 32 31 7 6 5 4 3 2
>  140 1219 1167 1124 1080 1071 1002 962 817 748 710 634 620 599 597 583 569 562 557 553 484 451 402 399 396 356 345 336 324 291 288 222 219 207 181 180 179 178 177 176 175 174 167 166 165 164 163 162 91 90 89 59 44 43 42 7 6 5 4 3 2
>  141 1217 607 255 223 215 184 183 182 140 139 138 137 65 64 63 62 61 60 35 34 33 32 31
>  142 1226 1219 1185 1167 1127 1124 1080 1071 1002 817 767 748 710 620 603 599 597 569 562 553 423 396 356 336 326 324 291 280 265 222 207 206 181 180 179 178 177 176 175 174 91 90 89 88 87 86 85 84 83 82 81 59 7 6 5 4 3 2 1
>  143 1219 1184 1175 1167 1131 1124 1080 1072 1071 1061 1058 1048 1047 1037 1021 1016 1015 1003 1002 995 960 954 953 946 933 914 910 899 818 817 802 792 760 748 739 720 718 710 703 674 670 654 650 641 626 620 619 610 602 599 597 578 569 568 562 555 553 512 505 464 458 450 432 424 398 396 394 356 336 335 330 324 321 299 291 284 279 277 222 221 217 207 181 180 179 178 177 176 175 174 173 172 171 154 153 152 151 150 149 148 91 90 89 59 57 56 55 54 53 52 39 38 7 6 5 4 3 2
>  144 360 208 97 96 95 94 93 92 10 9 8
>  145 1219 1209 1198 1196 1170 1159 1146 1129 1101 1087 1068 1062 1052 1038 1036 1035 1033 1027 1024 1014 1010 1005 1002 990 956 940 936 920 919 915 911 907 898 894 892 888 886 882 881 875 874 869 867 855 852 847 845 842 837 826 824 822 812 808 799 793 790 783 777 759 757 745 728 727 721 712 707 706 704 696 694 684 676 664 663 658 653 636 635 632 625 623 617 615 612 608 606 597 594 592 587 585 575 567 565 564 560 556 553 551 550 547 546 543 531 524 520 519 506 501 498 487 478 476 466 445 420 419 418 416 407 397 383 380 376 374 365 354 349 339 338 337 336 331 329 320 319 308 305 301 294 293 290 289 287 283 278 274 254 253 252 250 247 240 239 234 224 222 214 212 211 210 187 186 185 181 180 179 178 177 176 175 174 136 135 134 133 126 125 124 123 122 121 120 119 118 117 116 115 114 113 112 111 110 109 108 107 106 105 71 70 69 68 67 66 59 28 27 26 25 24 17 16 15 14 13
>  146 1219 1184 1175 1167 1124 1080 1071 1021 1002 953 899 817 802 748 739 720 710 620 619 599 597 569 568 562 553 505 396 394 356 336 335 324 321 291 279 277 222 217 207 181 180 179 178 177 176 175 174 154 153 152 151 150 149 148 91 90 89 59 39 38 7 6 5 4 3 2
>  147 1199 1125 1020 981 949 940 931 852 836 826 807 786 779 769 744 727 701 665 653 644 626 617 615 612 608 606 598 585 524 522 472 432 416 407 398 381 339 331 302 299 294 252 248 221 214 211 173 172 171 136 135 134 133 132 131 118 117 116 115 114 113 112 111 57 56 55 54 53 52 26 25 24 16
>  148 1219 1216 1209 1196 1170 1146 1129 1101 1065 1062 1052 1046 1014 1007 1002 999 991 956 940 920 915 898 896 891 888 887 857 855 852 850 847 839 838 826 822 814 806 759 757 755 749 727 699 696 691 689 685 684 683 671 666 663 653 636 631 623 617 615 612 608 606 597 594 585 581 579 575 567 565 564 560 553 543 539 531 530 528 524 516 506 475 420 416 407 380 376 354 349 339 336 331 320 308 305 301 294 293 283 263 261 254 253 252 240 234 224 222 215 214 211 187 186 185 181 180 179 178 177 176 175 174 140 139 138 137 136 135 134 133 118 117 116 115 114 113 112 111 71 70 69 68 67 66 59 35 34 33 32 31 28 27 26 25 24 16
>  149 1167 1071 987 962 927 709 700 687 648 634 600 583 557 515 484 451 402 399 396 345 324 288 260 219 209 207 167 166 165 164 163 162 104 103 102 101 100 99 98 91 90 89 44 43 42 12 11 7 6 5 4 3 2
>  150 687 600 209 206 104 103 102 101 100 99 98 88 87 86 85 84 83 82 81 12 11 1
>  151 1220 1219 1205 1196 1170 1163 1159 1158 1097 1068 1062 1052 1051 1038 1036 1024 1016 1015 1014 1005 1002 998 990 986 983 981 949 948 940 936 931 929 920 919 915 909 898 892 888 875 867 855 852 843 842 836 826 824 818 812 810 807 799 794 792 786 779 769 727 701 696 693 684 676 674 670 665 658 653 650 644 636 635 633 626 617 615 612 608 606 597 587 585 580 565 564 556 555 553 550 546 543 524 522 520 519 511 501 498 478 476 472 468 458 432 418 416 407 398 376 374 339 336 331 330 320 319 308 305 302 299 294 293 290 284 283 274 264 254 253 252 250 248 240 234 222 221 214 212 211 181 180 179 178 177 176 175 174 173 172 171 136 135 134 133 126 125 124 123 122 121 120 119 118 117 116 115 114 113 112 111 59 57 56 55 54 53 52 28 27 26 25 24 17 16
>  152 1167 1072 1071 1061 1058 1021 1003 995 960 954 946 933 914 910 760 720 718 703 654 641 626 619 610 602 578 568 512 464 450 432 424 398 396 324 321 299 279 277 221 217 207 173 172 171 154 153 152 151 150 149 148 91 90 89 57 56 55 54 53 52 39 38 7 6 5 4 3 2
>  153 1220 1219 1218 1205 1199 1196 1187 1170 1163 1125 1118 1097 1095 1087 1062 1055 1052 1051 1033 1027 1026 1020 1016 1015 1014 1010 1002 986 983 981 949 948 940 931 920 916 915 911 907 903 898 894 888 886 882 881 876 874 873 869 855 852 845 843 837 836 826 818 813 810 808 807 794 792 790 786 779 777 769 765 744 727 723 719 707 706 704 701 696 694 684 674 670 665 653 650 644 636 633 632 626 617 615 612 608 606 598 597 585 580 571 565 564 555 553 551 547 543 541 524 522 511 502 486 472 466 463 458 432 416 407 398 397 383 381 379 376 373 339 336 331 330 320 308 305 303 302 299 294 293 289 287 284 283 278 254 253 252 248 240 239 234 222 221 214 211 210 181 180 179 178 177 176 175 174 173 172 171 170 136 135 134 133 132 131 118 117 116 115 114 113 112 111 110 109 108 107 106 105 59 58 57 56 55 54 53 52 28 27 26 25 24 16 15 14 13
>  154 1167 1071 396 324 207 91 90 89 7 6 5 4 3 2
>  155 1062 874 869 808 653 632 617 608 551 547 466 407 331 320 294 239 214 210 136 135 134 133 110 109 108 107 106 105 28 27 26 25 24 15 14 13
>  156 1219 1196 1170 1062 1052 1014 1002 940 920 915 898 888 855 852 826 727 696 684 653 636 617 615 612 608 606 597 585 565 564 553 543 524 443 428 416 407 376 339 336 331 320 308 305 294 293 283 254 253 252 240 234 222 214 211 181 180 179 178 177 176 175 174 136 135 134 118 117 116 115 114 113 112 111 59 29 28 27 26 25 24 16
>  157 1167 1071 396 324 207 91 90 89 7 6 5 4 3 2
>  158 1167 1071 396 324 207 91 90 89 7 6 5 4 3 2
>  159 1217 1167 1071 930 841 737 725 698 646 607 566 457 440 421 396 386 355 324 315 255 223 207 184 183 182 91 90 89 65 64 63 62 61 60 7 6 5 4 3 2
>  160 1167 1071 1064 937 834 651 563 525 500 396 324 216 207 147 146 145 144 143 142 141 91 90 89 37 36 7 6 5 4 3 2
>  161 1203 1182 1167 1150 1134 1130 1108 1071 962 826 778 747 727 697 634 627 615 612 596 585 583 557 523 484 481 474 473 451 417 416 402 399 396 390 371 345 339 324 296 288 273 268 219 211 207 206 167 166 165 164 163 162 118 117 116 115 114 113 112 111 91 90 89 88 87 86 85 84 83 82 81 44 43 42 16 7 6 5 4 3 2 1
>  162
>  163 1229 1217 1169 1167 1155 1145 1144 1119 1117 1112 1104 1100 1083 1079 1071 1064 1062 1041 1030 989 937 935 930 921 897 885 872 848 844 841 834 825 821 809 805 775 737 725 716 698 695 667 660 653 651 646 642 628 617 608 607 573 570 566 563 525 518 500 490 479 457 453 441 440 421 407 396 386 370 366 355 353 341 340 331 324 320 315 300 294 292 256 255 235 232 230 229 223 216 214 207 184 183 182 147 146 145 144 143 142 141 136 135 134 133 91 90 89 65 64 63 62 61 60 37 36 28 27 26 25 24 7 6 5 4 3 2
>  164
>  165 360 208 97 96 95 94 93 92 10 9 8
>  166 1209 1178 1167 1071 847 770 678 647 575 567 559 469 396 324 251 224 207 187 186 185 91 90 89 71 70 69 68 67 66 7 6 5 4 3 2
>  167 1229 1220 1219 1205 1196 1167 1124 1097 1080 1071 1062 1052 1051 1048 1031 1016 1015 1014 1002 983 946 933 931 920 915 902 880 864 855 843 825 818 817 813 810 794 792 760 748 710 703 696 684 674 670 660 653 650 641 636 633 620 617 608 599 597 580 569 562 555 553 543 522 511 479 472 458 453 441 432 407 398 396 376 366 356 336 331 330 324 320 308 305 302 299 294 291 254 253 240 230 222 221 214 207 181 180 179 178 177 176 175 174 173 172 171 170 136 135 134 91 90 89 59 56 55 54 53 52 29 28 27 26 25 24 7 6 5 4 3 2
>  168 1229 1213 1209 1201 1178 1167 1129 1071 1069 1062 1044 851 847 770 746 678 660 653 647 617 608 575 567 559 480 479 469 441 420 407 396 382 366 331 324 322 320 294 251 241 230 224 214 207 206 187 186 185 136 135 91 90 89 88 87 86 85 84 83 82 81 71 70 69 68 67 66 30 29 28 27 26 25 24 7 6 5 4 3 2 1
>  169 1062 653 617 608 407 331 320 294 214 136 135 134 133 28 27 26 25 24
>  170 547 239 210 110 109 108 107 106 105 15 14 13
>  171 1219 1167 1124 1080 1071 1002 987 927 817 748 710 709 700 687 648 620 600 599 597 569 562 553 515 396 356 336 324 291 260 222 209 207 181 180 179 178 177 176 175 174 104 103 102 101 100 99 98 91 90 89 59 12 11 7 6 5 4 3 2
>  172 1219 1218 1187 1158 1131 1118 1107 1105 1072 1061 1059 1058 1047 1037 1016 1015 1010 1003 1002 998 995 976 960 938 929 919 914 909 903 899 886 863 818 813 812 792 723 719 714 707 706 704 693 676 674 670 654 650 635 626 625 602 597 592 590 587 578 571 556 555 553 547 541 519 512 505 501 486 476 468 464 463 458 450 432 426 424 398 397 394 379 373 372 365 346 338 337 336 335 333 330 321 319 304 303 299 298 287 284 264 239 222 221 217 212 210 181 180 179 178 177 176 175 174 173 172 171 170 154 153 152 151 150 149 148 126 125 124 123 122 121 120 119 110 109 108 107 106 105 59 57 56 55 54 53 52 39 38 17 15 14 13
>  173 1219 1196 1168 1156 1116 1062 1053 1052 1014 1002 955 920 915 899 861 855 854 696 684 653 636 617 608 597 576 553 545 543 527 505 499 493 437 407 394 376 358 336 335 331 321 320 308 305 295 294 254 253 240 222 217 214 181 180 179 178 177 176 175 174 154 153 152 151 150 149 148 136 135 134 59 39 38 29 28 27 26 25 24
>  174 1217 1200 1167 1138 1115 1092 1090 1088 1071 1012 984 980 974 941 939 930 904 841 826 795 787 737 727 725 698 646 627 618 615 612 607 596 585 566 537 534 533 514 503 495 494 457 452 444 442 440 431 421 416 411 401 396 386 384 355 344 339 324 315 273 255 242 238 237 223 213 211 207 184 183 182 130 129 128 118 117 116 115 114 113 112 111 91 90 89 65 64 63 62 61 60 23 22 21 20 19 18 16 7 6 5 4 3 2
>  175 1171 1167 1148 1071 1009 978 964 945 926 905 879 826 733 727 715 692 673 630 627 615 612 596 585 540 422 416 404 396 360 342 339 324 310 273 269 267 258 211 208 207 118 117 116 115 114 113 112 111 97 96 95 94 93 92 91 90 89 16 10 9 8 7 6 5 4 3 2
>  176 1229 1167 1145 1144 1119 1117 1112 1100 1071 1064 1062 937 834 825 809 805 695 667 660 653 651 617 608 563 525 500 479 453 441 407 396 370 366 353 340 331 324 320 300 294 292 232 230 216 214 207 147 146 145 144 143 142 141 136 135 134 133 91 90 89 37 36 28 27 26 25 24 7 6 5 4 3 2
>  177 1225 1220 1219 1218 1205 1196 1187 1170 1163 1118 1097 1087 1062 1052 1051 1033 1027 1026 1016 1015 1014 1010 1002 986 983 981 949 948 940 931 920 916 915 911 907 903 898 894 893 888 886 882 881 876 874 873 869 855 852 845 843 837 836 826 818 813 810 808 807 794 792 790 786 779 777 769 765 742 727 723 719 707 706 704 701 696 694 684 674 670 665 653 650 644 636 633 632 626 617 615 612 608 606 597 585 580 571 565 564 555 553 551 547 543 541 524 522 511 486 472 466 463 461 458 443 432 428 416 407 398 397 383 379 376 373 339 336 331 330 320 308 305 303 302 299 294 293 289 287 284 283 278 254 253 252 248 240 239 234 222 221 214 211 210 181 180 179 178 177 176 175 174 173 172 171 170 136 135 134 133 118 117 116 115 114 113 112 111 110 109 108 107 106 105 59 57 56 55 54 53 52 30 29 28 27 26 25 24 16 15 14 13
>  178 919 676 587 519 360 319 212 208 126 125 124 123 122 121 120 119 97 96 95 94 93 92 17 10 9 8
>  179 1167 1071 962 634 583 557 484 451 402 399 396 345 324 288 219 207 167 166 165 164 163 162 91 90 89 44 43 42 7 6 5 4 3 2
>  180 1219 1167 1124 1080 1071 1002 817 748 710 620 599 597 569 562 553 396 356 336 324 291 222 207 181 180 179 178 177 176 175 174 91 90 89 59 7 6 5 4 3 2
>  181 1217 1008 919 913 676 672 607 587 574 519 492 319 255 249 223 218 212 184 183 182 161 160 159 158 157 156 155 126 125 124 123 122 121 120 119 65 64 63 62 61 60 41 40 17
>  182 1219 1171 1167 1124 1082 1080 1073 1071 1050 1002 1000 978 945 906 817 763 748 715 710 692 686 673 620 599 597 584 569 562 553 540 477 467 396 392 360 357 356 336 324 291 258 222 208 207 181 180 179 178 177 176 175 174 97 96 95 94 93 92 91 90 89 59 10 9 8 7 6 5 4 3 2
>  183 1219 1131 1072 1061 1058 1047 1037 1016 1015 1003 1002 995 960 914 899 818 813 792 674 670 654 650 626 602 597 578 555 553 512 505 464 458 450 432 424 398 394 336 335 330 321 299 284 222 221 217 181 180 179 178 177 176 175 174 173 172 171 170 154 153 152 151 150 149 148 59 57 56 55 54 53 52 39 38
>  184 1226 1219 1197 1185 1167 1127 1124 1080 1071 1043 1010 1002 987 927 886 884 856 853 829 827 817 767 764 748 717 710 709 707 706 704 700 687 648 620 603 600 599 597 591 569 562 553 547 515 434 423 397 396 368 356 336 334 328 326 324 311 291 287 282 280 265 260 246 239 222 210 209 207 206 181 180 179 178 177 176 175 174 110 109 108 107 106 105 104 103 102 101 100 99 98 91 90 89 88 87 86 85 84 83 82 81 59 15 14 13 12 11 7 6 5 4 3 2 1
>  185 1219 1217 1196 1195 1170 1169 1155 1104 1088 1079 1067 1062 1052 1029 1014 1002 996 989 980 975 950 940 920 915 898 897 888 866 859 855 852 844 826 758 727 716 696 684 653 642 636 617 615 612 608 607 606 597 585 570 565 564 553 543 537 524 518 517 494 490 442 429 416 407 376 369 341 339 336 331 320 308 305 294 293 283 259 255 254 253 252 242 240 234 229 223 222 214 211 184 183 182 181 180 179 178 177 176 175 174 136 135 134 133 118 117 116 115 114 113 112 111 65 64 63 62 61 60 59 28 27 26 25 24 16
>  186 1170 1163 1097 1062 1051 983 981 949 940 931 893 852 843 836 826 807 786 779 769 727 701 665 653 644 633 626 617 615 612 608 606 585 580 524 522 511 472 443 432 428 416 407 398 339 331 320 302 299 294 283 252 248 221 214 211 173 172 171 136 135 134 118 117 116 115 114 113 112 111 57 56 55 54 53 52 29 28 27 26 25 24 16
>  187 1068 1062 1036 919 676 653 617 608 587 519 478 407 331 320 319 294 214 212 136 135 134 126 125 124 123 122 121 120 119 29 28 27 26 25 24 17
>  188 1203 1200 1182 1167 1150 1138 1134 1130 1115 1108 1092 1090 1071 1022 1012 984 974 963 941 939 904 826 816 795 787 778 747 729 727 705 697 643 638 627 622 618 615 612 596 585 534 533 523 514 503 497 495 481 474 473 452 444 439 431 417 416 411 401 396 390 384 371 344 339 324 296 273 268 238 237 213 211 207 206 130 129 128 118 117 116 115 114 113 112 111 91 90 89 88 87 86 85 84 83 82 81 23 22 21 20 19 18 16 7 6 5 4 3 2 1
>  189 1167 1072 1071 1061 1058 1021 1003 995 960 954 946 933 914 910 760 720 718 703 654 641 626 619 610 602 578 568 512 464 450 432 424 398 396 324 321 299 279 277 221 217 207 173 172 171 154 153 152 151 150 149 148 91 90 89 57 56 55 54 53 52 39 38 7 6 5 4 3 2
>  190 1167 1071 396 324 207 91 90 89 7 6 5 4 3 2
>  191 1171 1167 1151 1089 1071 1066 1064 978 977 969 945 937 919 846 834 750 715 692 676 673 651 601 587 563 552 540 536 525 519 500 485 410 408 400 396 391 375 360 351 343 325 324 319 312 297 286 281 258 244 236 216 212 208 207 206 147 146 145 144 143 142 141 126 125 124 123 122 121 120 119 97 96 95 94 93 92 91 90 89 88 87 86 85 84 83 82 81 37 36 17 10 9 8 7 6 5 4 3 2 1
>  192 1219 1173 1167 1124 1089 1080 1071 1066 1002 969 962 919 817 812 750 748 710 676 635 634 620 599 597 587 583 569 562 557 556 553 519 501 484 476 451 402 400 399 396 356 345 336 324 319 297 291 288 244 222 219 212 207 181 180 179 178 177 176 175 174 167 166 165 164 163 162 126 125 124 123 122 121 120 119 91 90 89 59 44 43 42 17 7 6 5 4 3 2
>  193
>  194 1229 1226 1224 1220 1219 1213 1205 1203 1201 1196 1194 1191 1190 1185 1184 1182 1181 1179 1175 1174 1170 1168 1167 1163 1162 1156 1150 1149 1147 1141 1139 1134 1133 1131 1130 1127 1126 1124 1123 1122 1116 1113 1108 1106 1097 1094 1085 1080 1074 1072 1071 1069 1062 1061 1058 1056 1054 1053 1052 1051 1048 1047 1045 1044 1039 1037 1032 1031 1023 1021 1019 1017 1016 1015 1014 1013 1003 1002 1001 995 988 986 983 981 973 972 970 968 966 965 961 960 958 957 955 954 953 949 948 946 940 933 931 925 920 915 914 912 910 908 902 899 898 893 889 888 880 878 871 865 864 861 860 855 854 852 851 843 840 836 831 826 825 819 818 817 810 807 802 800 794 792 789 786 781 779 778 776 769 767 761 760 748 747 746 741 739 732 730 727 724 720 718 710 703 701 697 696 688 684 674 670 668 665 662 660 655 654 653 650 649 644 641 636 633 627 626 620 619 617 615 612 610 608 606 603 602 599 597 596 589 585 582 580 578 576 572 569 568 565 564 562 555 553 545 543 529 527 524 523 522 521 512 511 505 499 493 481 480 479 474 473 472 464 458 453 450 447 443 441 437 432 428 424 423 417 416 409 407 398 396 395 394 390 389 382 376 371 366 358 356 339 336 335 331 330 326 324 323 322 321 320 314 308 305 302 299 296 295 294 293 291 284 283 280 279 277 273 268 265 254 253 252 248 241 240 234 230 222 221 217 214 211 207 206 181 180 179 178 177 176 175 174 173 172 171 154 153 152 151 150 149 148 136 135 134 118 117 116 115 114 113 112 111 91 90 89 88 87 86 85 84 83 82 81 59 57 56 55 54 53 52 39 38 29 28 27 26 25 24 16 7 6 5 4 3 2 1
>  195 360 321 217 208 154 153 152 151 150 149 148 97 96 95 94 93 92 39 38 10 9 8
>  196 1167 1071 1021 720 619 568 396 324 321 279 277 217 207 154 153 152 151 150 149 148 91 90 89 39 38 7 6 5 4 3 2
>  197 1219 1184 1175 1167 1131 1124 1080 1072 1071 1061 1058 1048 1047 1037 1021 1016 1015 1003 1002 995 960 954 953 946 933 914 910 899 818 817 802 792 760 748 739 720 718 710 703 674 670 654 650 641 626 620 619 610 602 599 597 578 569 568 562 555 553 512 505 464 458 450 432 424 398 396 394 356 336 335 330 324 321 299 291 284 279 277 222 221 217 207 181 180 179 178 177 176 175 174 173 172 171 154 153 152 151 150 149 148 91 90 89 59 57 56 55 54 53 52 39 38 7 6 5 4 3 2
>  198 1092 939 787 452 411 401 237 213 130 129 128 23 22 21 20 19 18
>  199 1219 1002 899 597 553 505 394 336 335 321 222 217 181 180 179 178 177 176 175 174 154 153 152 151 150 149 148 59 39 38
>  200 1217 1169 1166 1155 1104 1079 1062 1011 897 844 782 716 653 642 640 617 608 607 570 526 518 490 459 433 407 406 341 331 320 294 276 271 255 245 233 228 227 223 214 205 204 203 202 201 200 199 198 184 183 182 136 135 134 80 65 64 63 62 61 60 29 28 27 26 25 24
>  201 1229 1213 1201 1167 1071 1069 1062 1044 851 825 746 660 653 617 608 480 479 453 441 407 396 382 366 331 324 322 320 294 241 230 214 207 206 136 135 134 91 90 89 88 87 86 85 84 83 82 81 29 28 27 26 25 24 7 6 5 4 3 2 1
>  202 687 600 215 209 206 140 139 138 137 104 103 102 101 100 99 98 88 87 86 85 84 83 82 81 35 34 33 32 31 12 11 1
>  203 1219 1158 1131 1105 1072 1061 1058 1047 1037 1016 1015 1003 1002 998 995 960 929 919 914 909 899 818 813 812 792 693 676 674 670 654 650 635 626 602 597 590 587 578 556 555 553 519 512 505 501 476 468 464 458 450 432 424 398 394 372 336 335 333 330 321 319 304 299 298 284 264 222 221 217 212 181 180 179 178 177 176 175 174 173 172 171 170 154 153 152 151 150 149 148 126 125 124 123 122 121 120 119 59 57 56 55 54 53 52 39 38 17
>  204 1219 1184 1175 1167 1131 1124 1080 1072 1071 1061 1058 1048 1047 1037 1021 1016 1015 1003 1002 995 960 954 953 946 933 914 910 899 818 817 802 792 760 748 739 720 718 710 703 674 670 654 650 641 626 620 619 610 602 599 597 578 569 568 562 555 553 512 505 464 458 450 432 424 398 396 394 356 336 335 330 324 321 299 291 284 279 277 222 221 217 207 181 180 179 178 177 176 175 174 173 172 171 154 153 152 151 150 149 148 91 90 89 59 57 56 55 54 53 52 39 38 7 6 5 4 3 2
>  205 1167 1071 396 324 207 91 90 89 7 6 5 4 3 2
>  206 1229 1220 1219 1205 1196 1190 1184 1181 1179 1175 1170 1168 1167 1163 1162 1156 1133 1131 1124 1116 1106 1097 1094 1085 1080 1074 1072 1071 1062 1061 1058 1053 1052 1051 1048 1047 1045 1039 1037 1031 1021 1019 1016 1015 1014 1013 1003 1002 995 986 983 981 973 968 960 957 955 954 953 949 948 946 940 933 931 920 915 914 910 902 899 898 893 888 880 864 861 855 854 852 843 840 836 826 825 818 817 810 807 802 794 792 786 779 776 769 761 760 748 739 727 720 718 710 703 701 696 684 674 670 665 662 660 654 653 650 649 644 641 636 633 627 626 620 619 617 615 612 610 608 606 602 599 597 596 589 585 580 578 576 569 568 565 564 562 555 553 545 543 529 527 524 522 512 511 505 499 493 479 472 464 458 453 450 447 443 441 437 432 428 424 416 409 407 398 396 394 376 366 358 356 339 336 335 331 330 324 321 320 308 305 302 299 295 294 293 291 284 283 279 277 273 254 253 252 248 240 234 230 222 221 217 214 211 207 181 180 179 178 177 176 175 174 173 172 171 154 153 152 151 150 149 148 136 135 134 118 117 116 115 114 113 112 111 91 90 89 59 57 56 55 54 53 52 39 38 29 28 27 26 25 24 16 7 6 5 4 3 2
>  207 1167 1071 396 324 207 91 90 89 7 6 5 4 3 2
>  208 1219 1216 1065 1002 850 838 806 749 699 691 689 687 683 631 603 600 597 581 553 530 516 423 336 326 280 265 263 261 222 215 209 206 181 180 179 178 177 176 175 174 140 139 138 137 104 103 102 101 100 99 98 88 87 86 85 84 83 82 81 59 35 34 33 32 31 12 11 1
>  209 1167 1071 396 324 207 91 90 89 7 6 5 4 3 2
>  210 1229 1226 1224 1220 1219 1213 1205 1203 1201 1196 1194 1191 1190 1185 1184 1182 1181 1179 1175 1174 1170 1168 1167 1163 1162 1156 1150 1149 1147 1141 1139 1134 1133 1131 1130 1127 1126 1124 1123 1122 1116 1113 1108 1106 1097 1094 1085 1080 1074 1072 1071 1069 1062 1061 1058 1056 1054 1053 1052 1051 1048 1047 1045 1044 1039 1037 1032 1031 1023 1021 1019 1017 1016 1015 1014 1013 1003 1002 1001 995 988 986 983 981 973 972 970 968 966 965 961 960 958 957 955 954 953 949 948 946 940 933 931 925 920 915 914 912 910 908 902 899 898 893 889 888 880 878 871 865 864 861 860 855 854 852 851 843 840 836 831 826 825 819 818 817 810 807 802 800 794 792 789 786 781 779 778 776 769 767 761 760 748 747 746 741 739 732 730 727 724 720 718 710 703 701 697 696 688 684 674 670 668 665 662 660 655 654 653 650 649 644 641 636 633 627 626 620 619 617 615 612 610 608 606 603 602 599 597 596 589 585 582 580 578 576 572 569 568 565 564 562 555 553 545 543 529 527 524 523 522 521 512 511 505 499 493 481 480 479 474 473 472 464 458 453 450 447 443 441 437 432 428 424 423 417 416 409 407 398 396 395 394 390 389 382 376 371 366 358 356 339 336 335 331 330 326 324 323 322 321 320 314 308 305 302 299 296 295 294 293 291 284 283 280 279 277 273 268 265 254 253 252 248 241 240 234 230 222 221 217 214 211 207 206 181 180 179 178 177 176 175 174 173 172 171 154 153 152 151 150 149 148 136 135 134 118 117 116 115 114 113 112 111 91 90 89 88 87 86 85 84 83 82 81 59 57 56 55 54 53 52 39 38 29 28 27 26 25 24 16 7 6 5 4 3 2 1
>  211 1167 1071 987 927 709 700 687 648 600 515 396 324 260 209 207 206 104 103 102 101 100 99 98 91 90 89 88 87 86 85 84 83 82 81 12 11 7 6 5 4 3 2 1
>  212 1167 1089 1071 1066 969 919 750 676 587 519 400 396 324 319 297 244 212 207 126 125 124 123 122 121 120 119 91 90 89 17 7 6 5 4 3 2
>  213 1209 1092 1081 939 847 787 575 567 452 411 401 318 237 224 213 187 186 185 130 129 128 127 71 70 69 68 67 66 22 21 20 19 18
>  214 1167 1105 1089 1071 1066 1021 969 919 750 720 676 619 590 587 568 519 400 396 372 333 324 321 319 304 298 297 279 277 244 217 212 207 154 153 152 151 150 149 148 126 125 124 123 122 121 120 119 91 90 89 39 38 17 7 6 5 4 3 2
>  215 1229 1228 1227 1222 1202 1170 1167 1157 1145 1144 1128 1119 1117 1114 1112 1100 1099 1089 1077 1075 1071 1068 1066 1064 1062 1045 1036 1013 969 940 937 928 923 919 892 890 867 852 842 834 826 825 809 805 750 734 727 695 676 660 658 653 651 627 617 615 612 608 606 596 587 585 563 550 548 546 525 524 520 519 500 498 489 479 478 471 453 443 441 428 418 416 407 400 396 374 370 366 340 339 331 324 320 319 300 297 294 292 290 283 274 273 252 250 244 232 230 216 214 212 211 207 147 146 145 144 143 142 141 136 135 134 126 125 124 123 122 121 120 119 118 117 116 115 114 113 112 111 91 90 89 37 36 30 29 28 27 26 25 24 17 16 7 6 5 4 3 2
>  216 1229 1226 1219 1213 1201 1196 1194 1191 1185 1167 1127 1124 1113 1080 1071 1069 1062 1052 1044 1014 1002 920 915 902 880 871 864 855 851 825 817 767 748 746 710 696 684 660 653 636 620 617 608 603 599 597 569 562 553 543 480 479 453 441 423 407 396 382 376 366 356 336 331 326 324 322 320 308 305 294 291 280 265 254 253 241 240 230 222 214 207 206 181 180 179 178 177 176 175 174 136 135 134 91 90 89 88 87 86 85 84 83 82 81 59 29 28 27 26 25 24 7 6 5 4 3 2 1
>  217 1092 1081 939 787 525 452 411 401 318 237 216 213 147 146 145 144 143 142 141 130 129 128 127 37 36 22 21 20 19 18
>  218 1219 1171 1167 1124 1082 1080 1073 1071 1050 1002 1000 978 945 906 817 763 748 715 710 692 686 673 620 599 597 584 569 562 553 540 477 467 396 392 360 357 356 336 324 291 258 222 208 207 181 180 179 178 177 176 175 174 97 96 95 94 93 92 91 90 89 59 10 9 8 7 6 5 4 3 2
>  219 1167 1071 987 927 709 700 687 648 600 515 396 324 260 209 207 104 103 102 101 100 99 98 91 90 89 12 11 7 6 5 4 3 2
>  220 1219 1002 888 826 727 615 612 597 585 565 564 553 416 339 336 293 234 222 211 181 180 179 178 177 176 175 174 118 117 116 115 114 113 112 111 59 16
>  221 1219 1167 1124 1080 1071 1002 888 826 817 748 727 710 627 620 615 612 599 597 596 585 569 565 564 562 553 416 396 356 339 336 324 293 291 273 234 222 211 207 181 180 179 178 177 176 175 174 118 117 116 115 114 113 112 111 91 90 89 59 16 7 6 5 4 3 2
>  222 1219 1216 1209 1200 1196 1170 1146 1138 1135 1129 1101 1092 1091 1090 1086 1081 1065 1062 1052 1046 1014 1012 1007 1002 999 992 991 982 974 967 956 941 940 939 920 915 904 898 896 895 891 888 887 857 855 852 850 847 839 838 828 826 822 814 806 795 787 768 759 757 755 749 743 738 727 726 702 699 696 691 689 685 684 683 671 666 663 659 653 636 631 624 623 617 615 613 612 609 608 606 604 597 594 585 581 579 575 567 565 564 560 553 543 542 539 533 531 530 528 524 516 514 506 503 482 475 456 452 438 425 420 416 411 407 401 385 380 376 354 352 349 339 336 331 320 318 308 305 301 294 293 283 263 261 254 253 252 243 240 237 234 224 222 215 214 213 211 187 186 185 181 180 179 178 177 176 175 174 140 139 138 137 136 135 134 133 130 129 128 127 118 117 116 115 114 113 112 111 71 70 69 68 67 66 59 35 34 33 32 31 28 27 26 25 24 22 21 20 19 18 16
>  223 1229 1228 1227 1226 1222 1220 1219 1213 1205 1203 1202 1201 1196 1194 1191 1189 1185 1182 1172 1170 1167 1163 1157 1151 1150 1149 1145 1144 1141 1139 1137 1134 1130 1128 1127 1126 1124 1119 1117 1114 1113 1112 1108 1100 1099 1097 1080 1077 1075 1071 1069 1064 1062 1054 1052 1051 1048 1045 1044 1032 1031 1023 1017 1016 1015 1014 1013 1002 1001 988 986 983 981 970 966 965 961 949 948 946 940 937 933 931 925 923 920 917 915 912 908 902 898 893 888 880 878 871 865 864 860 855 852 851 846 843 836 834 833 831 826 825 819 818 817 810 809 807 805 801 800 794 792 789 786 781 780 779 778 769 767 760 748 747 746 741 734 732 730 727 724 722 718 710 703 701 697 696 695 684 674 670 668 667 665 661 660 656 653 651 650 644 641 636 633 627 626 620 617 615 612 610 608 606 603 601 599 597 596 585 582 580 577 572 569 565 564 563 562 558 555 553 548 543 536 525 524 523 522 511 500 489 485 481 480 479 474 473 472 471 458 453 443 441 432 428 423 417 416 413 410 407 398 396 395 390 389 382 376 371 370 366 356 353 348 340 339 336 331 330 326 325 324 323 322 320 314 312 308 305 302 300 299 296 294 293 292 291 286 284 283 281 280 273 268 265 254 253 252 248 241 240 234 232 230 222 221 216 214 211 207 206 181 180 179 178 177 176 175 174 173 172 171 147 146 145 144 143 142 141 136 135 134 133 118 117 116 115 114 113 112 111 91 90 89 88 87 86 85 84 83 82 81 59 57 56 55 54 53 52 37 36 29 28 27 26 25 24 16 7 6 5 4 3 2 1
>  224 1092 939 787 452 411 401 237 213 130 129 128 23 22 21 20 19 18
>  225 1167 1071 396 324 207 91 90 89 7 6 5 4 3 2
>  226 1062 653 617 608 407 331 320 294 214 136 135 134 29 28 27 26 25 24
>  227 1219 1209 1178 1167 1146 1124 1080 1071 1002 847 817 770 759 748 710 678 647 620 599 597 575 569 567 562 560 559 553 506 469 396 356 354 336 324 301 291 251 224 222 207 187 186 185 181 180 179 178 177 176 175 174 91 90 89 71 70 69 68 67 66 59 7 6 5 4 3 2
>  228 1217 1171 1167 1071 978 945 930 841 737 725 715 698 692 673 646 607 566 540 457 440 421 396 386 360 355 324 315 258 255 223 208 207 184 183 182 97 96 95 94 93 92 91 90 89 65 64 63 62 61 60 10 9 8 7 6 5 4 3 2
>  229 1229 1170 1167 1163 1097 1071 1062 1051 1045 1031 1013 983 981 949 946 940 933 931 852 843 836 826 825 807 786 779 769 760 727 718 703 701 667 665 660 653 644 641 633 627 626 617 615 612 610 608 606 596 585 580 524 522 511 479 472 453 441 432 416 407 398 396 366 339 331 324 320 302 299 294 283 273 252 248 230 221 214 211 207 173 172 171 136 135 134 133 118 117 116 115 114 113 112 111 91 90 89 57 56 55 54 53 52 28 27 26 25 24 16 7 6 5 4 3 2
>  230 1167 1071 396 324 207 91 90 89 7 6 5 4 3 2
