691 1021
77 1020
48 1019
199 1018
33 1017
33 1016
48 1015
77 1014
54 1013
59 1012
72 1011
59 1010
141 1009
194 1008
42 1007
373 1006
284 1005
448 1004
85 1003
30 1002
59 1001
173 1000
199 999
25 998
401 997
33 996
35 995
59 994
25 993
328 992
59 991
42 990
139 989
139 988
41 987
9 986
401 986
526 985
139 984
23 983
24 982
25 981
141 980
194 979
30 978
691 977
194 976
27 975
42 974
27 973
41 972
24 971
33 970
77 969
199 968
199 967
139 966
328 965
77 964
30 963
35 962
49 961
326 960
141 959
41 958
23 957
141 956
49 955
85 954
29 953
54 952
72 951
328 950
59 949
41 948
25 947
41 946
59 945
448 944
59 943
72 942
284 941
30 940
284 939
23 938
326 937
8 936
30 936
23 935
284 934
691 933
35 932
33 931
13 930
27 930
42 929
27 928
328 927
54 926
284 925
328 924
199 923
284 922
42 921
85 920
42 919
24 918
77 917
194 916
33 915
328 914
35 913
29 912
526 911
59 910
24 909
35 908
41 907
71 906
42 905
29 904
24 903
19 902
326 902
27 901
526 900
326 899
141 898
41 897
284 896
139 895
401 894
85 893
194 892
194 891
49 890
23 889
33 888
173 887
401 886
27 885
199 884
24 883
24 882
139 881
35 880
691 879
35 878
23 877
24 876
328 875
326 874
24 873
173 872
199 871
41 870
71 869
141 868
23 867
35 866
27 865
194 864
23 863
42 862
33 861
23 860
20 859
27 859
22 858
59 857
49 856
401 855
33 854
42 853
194 852
35 851
72 850
49 849
25 848
284 848
33 847
139 846
35 845
41 844
41 843
77 842
326 841
27 840
373 839
448 838
35 837
326 836
401 835
42 834
21 833
22 833
526 832
326 831
373 830
526 829
27 828
33 827
27 826
72 825
35 824
284 823
199 822
72 821
401 820
48 819
401 819
22 818
141 817
48 816
328 815
42 814
72 813
326 812
42 811
22 810
23 809
328 808
23 807
23 806
59 805
72 804
54 803
328 802
448 801
526 800
326 799
373 799
401 798
22 797
194 796
284 795
23 794
54 794
29 793
11 792
328 792
30 791
326 790
284 789
194 788
326 787
48 786
141 785
141 784
49 783
41 782
35 781
326 780
199 779
41 778
72 777
59 776
59 775
42 774
16 773
30 773
326 772
194 771
33 770
141 769
35 768
23 767
15 766
199 766
139 765
141 764
139 763
59 762
326 761
691 760
24 759
526 758
49 757
23 756
77 755
35 754
326 753
23 752
49 751
77 750
41 749
27 748
72 747
326 746
77 745
35 744
35 743
59 742
139 741
77 740
139 739
42 738
373 737
23 736
141 735
77 734
526 733
194 732
326 731
691 730
141 729
23 728
33 727
23 726
29 725
401 724
691 723
326 722
326 721
448 720
49 719
29 718
141 717
48 716
24 715
77 714
77 713
54 712
173 712
691 711
27 710
41 709
54 708
35 707
72 706
194 705
11 704
194 704
77 703
199 702
41 701
194 700
194 699
2 698
41 698
41 697
401 696
41 695
42 694
27 693
25 692
18 691
19 691
328 690
326 689
10 688
284 688
448 687
326 686
194 685
326 684
23 683
194 682
59 681
54 680
72 679
77 678
284 677
326 676
77 675
27 674
326 673
49 672
25 671
373 670
139 669
24 668
173 667
194 666
139 665
24 664
71 663
139 662
326 661
35 660
284 659
373 658
27 657
59 656
22 655
33 654
139 653
77 652
72 651
35 650
23 649
326 648
373 647
526 646
373 645
35 644
59 643
29 642
328 641
27 640
59 639
328 638
23 637
85 636
29 635
27 634
54 633
23 632
33 631
85 630
85 629
35 628
139 627
49 626
33 625
30 624
24 623
41 622
141 621
326 620
284 619
199 618
194 617
24 616
24 615
401 615
326 614
448 613
141 612
72 611
42 610
20 609
25 609
25 608
139 607
373 607
72 606
141 605
526 604
30 603
59 602
326 601
48 600
199 599
10 598
72 598
139 597
29 596
54 595
27 594
42 593
20 592
141 592
141 591
199 590
23 589
30 588
29 587
27 586
77 585
41 584
173 583
22 582
194 582
35 581
141 580
49 579
59 578
199 577
24 576
27 575
35 574
33 573
141 572
401 571
77 570
27 569
139 568
373 567
173 566
326 565
27 564
25 563
141 562
194 561
33 560
141 559
33 558
373 558
24 557
199 556
284 555
194 554
141 553
328 552
33 551
199 550
373 549
526 548
25 547
33 547
49 546
139 545
199 544
25 543
194 542
23 541
35 540
59 539
373 538
35 537
139 536
71 535
85 534
35 533
33 532
139 531
526 530
33 529
85 528
284 527
6 526
14 526
42 525
284 524
41 523
326 522
139 521
35 520
71 519
48 518
194 517
326 516
59 515
328 514
17 513
328 513
42 512
33 511
77 510
17 509
54 509
29 508
35 507
42 506
42 505
33 504
284 503
448 502
27 501
401 500
141 499
59 498
199 497
77 496
33 495
59 494
27 493
199 492
29 491
17 490
22 490
33 489
30 488
49 487
54 486
25 485
23 484
194 483
48 482
48 481
85 480
401 479
2 478
48 478
25 477
326 476
199 475
194 474
27 473
23 472
77 471
141 470
23 469
25 469
173 468
49 467
7 466
33 466
173 465
17 464
59 464
23 463
6 462
373 462
194 461
23 460
27 460
35 459
194 458
24 457
30 456
30 455
49 454
284 453
139 452
25 451
41 450
77 449
4 448
20 448
373 447
401 447
141 446
139 445
27 444
33 443
326 442
85 441
284 440
328 439
35 438
326 437
17 436
23 436
30 435
6 434
41 434
72 433
326 432
33 431
25 430
194 429
54 428
141 427
4 426
24 426
41 425
41 424
77 423
5 422
194 422
42 421
284 420
49 419
328 418
139 417
141 416
41 415
41 414
71 413
54 412
41 411
24 410
21 409
54 409
35 408
173 407
326 406
22 405
326 404
23 403
194 402
18 401
20 401
27 400
139 399
41 398
85 397
77 396
71 395
199 394
42 393
29 392
139 391
35 390
326 389
42 388
24 387
199 386
373 385
27 384
77 383
42 382
6 381
35 381
25 380
141 379
59 378
328 377
139 376
326 376
23 375
24 374
10 373
11 373
77 372
77 371
49 370
71 369
284 368
173 367
48 366
139 365
35 364
33 363
22 362
29 361
17 360
24 360
328 359
85 358
141 357
326 357
173 356
328 355
27 354
284 354
77 353
35 352
33 351
139 350
42 349
19 348
71 348
35 347
199 346
194 345
72 344
27 343
42 342
194 341
49 340
22 339
24 338
54 337
328 336
0 335
27 335
139 334
54 333
59 332
27 331
85 330
139 329
7 328
18 328
326 327
2 326
17 326
30 325
71 324
194 323
141 322
1 321
199 321
10 320
41 320
49 319
23 318
13 317
30 317
59 316
48 315
42 314
42 313
42 312
35 311
48 311
25 310
194 309
141 308
35 307
27 306
71 305
16 304
72 304
23 303
42 302
33 301
173 300
59 299
141 298
27 297
77 296
23 295
27 294
23 293
27 292
33 291
59 290
41 289
35 288
141 287
22 286
23 285
0 284
18 284
194 283
139 282
48 281
8 280
141 280
33 279
199 278
30 277
6 276
199 276
141 275
48 274
139 273
18 272
139 272
24 271
194 270
59 269
29 268
59 268
24 267
194 266
59 265
41 264
139 263
194 262
141 261
199 260
33 259
22 258
41 257
35 256
27 255
139 254
194 253
194 252
35 251
141 250
77 249
194 248
72 247
33 246
14 245
27 245
199 244
42 243
59 242
41 241
27 240
199 239
42 238
12 237
27 237
33 236
41 235
24 234
85 233
49 232
33 231
25 230
199 229
194 228
139 227
41 226
194 225
22 224
77 223
194 222
194 221
85 220
15 219
199 219
139 218
77 217
22 216
199 215
25 214
141 213
27 212
54 211
33 210
25 209
48 208
35 207
48 206
59 205
141 204
173 203
59 202
194 201
199 200
10 199
17 199
77 198
77 197
1 196
41 196
33 195
18 194
19 194
25 193
139 192
22 191
139 190
23 189
29 188
139 187
33 186
25 185
27 184
59 183
59 182
42 181
29 180
141 179
71 178
71 177
24 176
33 175
25 174
2 173
15 173
29 172
42 171
27 170
41 169
29 168
139 167
41 166
27 165
33 164
13 163
33 163
141 162
15 161
24 161
59 160
21 159
49 159
49 158
22 157
35 156
15 155
33 155
24 154
19 153
23 153
18 152
71 152
23 151
72 150
9 149
59 149
27 148
77 148
24 147
59 146
25 145
139 144
25 143
54 142
8 141
17 141
22 140
9 139
13 139
29 138
35 137
41 136
25 135
48 134
54 133
24 132
77 131
85 130
18 129
71 129
35 128
71 127
59 126
27 125
29 124
42 123
24 122
25 121
23 120
22 119
22 118
19 117
49 117
25 116
42 115
35 114
72 113
24 112
77 111
22 110
77 109
20 108
27 108
42 107
6 106
24 106
85 105
59 104
41 103
72 103
22 102
42 101
27 100
29 99
42 98
23 97
24 96
77 95
35 94
33 93
41 92
85 91
72 90
54 89
24 88
23 87
77 86
5 85
18 85
28 84
35 84
41 83
30 82
35 81
54 81
41 80
35 79
27 78
8 77
13 77
54 76
18 75
54 75
29 74
29 73
12 72
0 71
2 71
23 70
29 69
30 68
33 68
22 67
7 66
54 66
25 65
35 64
41 63
25 62
27 61
33 60
9 59
19 59
17 58
33 58
42 57
1 56
24 56
24 55
17 54
19 54
15 53
23 53
0 52
24 52
25 51
15 50
35 50
2 49
11 49
3 48
6 48
13 47
33 47
27 46
8 45
24 45
27 44
35 43
4 42
11 42
1 41
21 41
2 40
29 40
27 39
35 38
35 37
23 36
6 35
18 35
25 34
11 33
19 33
20 32
29 32
2 31
24 31
1 30
3 30
2 29
9 29
6 28
15 28
15 27
23 26
15 25
21 25
15 24
6 23
19 23
3 22
4 22
