3044
653
2083
1416
2802
1284
2900
1184
2509
3362
2441
3149
3235
985
1146
1037
2633
2959
3550
3225
409
1393
3453
860
1994
640
136
3179
3191
3429
2586
2141
1485
1950
1234
750
3270
689
923
3380
533
132
206
3336
2087
1825
2334
1674
222
2545
1098
2231
223
3022
166
1229
652
1174
859
1956
40
1390
440
3085
849
1938
841
3627
263
3288
949
1431
3338
1011
427
1717
829
1079
1115
2805
1791
1173
982
58
512
1344
200
2039
999
1702
996
2826
1121
1721
2736
72
1922
1640
335
2600
1325
2775
937
91
870
1482
2655
3200
2046
1632
1769
144
3086
796
112
588
3410
3552
1104
3118
1064
1847
2836
1132
2322
493
1396
61
147
1792
381
570
1710
864
1452
505
265
2856
2088
294
1784
330
3313
1558
936
491
571
2215
890
2090
423
2091
748
1411
1706
1611
436
740
1972
1138
513
2203
881
2253
235
2473
2505
1559
2148
1055
928
399
3004
2653
1527
1876
384
1571
1483
1315
2048
1366
1757
3106
483
1463
2314
3183
1835
502
2782
1697
1102
887
1357
38
2652
467
2984
2725
2949
3186
106
179
583
328
732
2303
2076
3539
2174
3398
1596
600
867
1677
2192
656
2550
2982
3295
1433
1054
2078
2559
3008
762
180
1812
2658
3007
2162
236
1410
801
649
772
2902
2791
755
2096
1804
430
343
840
2352
521
1101
2276
380
1822
1016
2664
730
137
3248
1242
157
713
212
74
756
3361
2313
1782
1781
425
3545
1438
3222
3609
1850
906
2259
2687
1267
3124
2487
2723
169
2624
209
763
272
60
1650
2239
1038
3303
3009
1300
2240
3301
2518
2376
2206
2817
3162
2513
2317
2754
2605
3017
497
2642
1309
1445
2577
1024
3038
2033
1736
1486
2971
2647
3529
3188
778
2640
2819
2843
2669
738
1808
3286
1141
1767
2430
2603
2555
1106
2538
2074
1414
766
2913
3378
464
2153
998
1557
3102
304
727
2392
299
2801
2626
2934
1776
433
1434
2433
1369
1155
3148
30
1631
2129
231
610
940
3463
993
2683
1354
2852
2072
786
1923
2197
1263
1648
587
2031
2975
714
2415
607
472
2476
3247
2409
340
1549
2311
2367
1189
2988
3462
3211
460
368
789
1517
2731
1733
2241
1826
2771
238
739
2539
2208
575
3101
1774
160
1687
3633
315
3603
2484
310
1389
16
370
2248
500
2060
411
2589
741
2308
2156
3060
1865
2569
1580
2374
1760
76
690
1201
1755
1796
2294
410
170
1291
267
871
927
1666
3221
2659
2498
554
1973
3617
3560
1620
2532
3537
2691
3496
94
1883
2182
2501
845
3220
2756
2991
1219
89
1788
1989
549
948
902
705
2757
3302
2127
2638
2905
1100
3601
2785
990
3479
2021
114
1745
1047
1161
3097
2029
1336
3360
2974
3265
3092
2119
2472
2034
960
3451
2012
639
2804
2519
1662
2364
2609
814
3217
566
2927
1515
3135
2184
1158
2431
2758
3187
2537
931
1521
308
1858
1871
878
1058
953
3555
590
3073
1245
3082
3346
875
1459
3241
3613
2061
2032
2351
2416
1999
182
3621
1985
1298
3356
961
1672
363
1147
1378
2099
99
2395
809
1330
2479
645
280
1852
2531
470
2440
3337
311
522
3568
1053
1442
3267
3119
3271
2144
156
606
252
2041
2585
2563
1214
1014
1851
1221
2005
1418
1817
2625
1660
1824
1404
2680
3108
3577
2853
1292
862
3289
712
2924
2150
2517
65
2451
1179
3133
2500
1833
404
2478
3141
1338
920
3287
96
545
654
2834
1196
1019
52
2191
882
2196
3484
116
2105
1126
1612
3080
2149
2797
34
3452
3059
2052
884
14
944
1801
3055
216
1522
1153
2914
2990
2333
537
3158
2649
1240
2069
528
2137
278
2397
1407
3190
3394
2695
2896
3104
1222
1741
2591
1508
192
3523
3201
1367
3409
1497
3329
203
1031
3087
1257
2438
1449
1507
3197
3165
224
2328
1426
2596
2530
3512
2413
1320
1806
70
3467
205
2616
2717
2873
79
2280
767
1152
1258
2768
1794
3069
629
700
2929
2815
140
3596
1280
924
2486
1162
3559
3306
361
318
1351
1373
2497
662
3137
3567
3447
3518
2904
3263
1509
26
1700
1683
2178
3001
3278
1930
1574
2057
1748
2166
1970
688
2315
1979
333
197
383
465
3332
1731
1479
3448
3230
1890
3052
1924
107
691
1
1573
124
428
2925
2263
1124
1830
3240
2623
1006
3309
2457
1052
2493
227
3643
2822
1853
129
364
1358
2995
3354
3509
670
478
1548
1655
1872
1262
1744
3170
3425
450
495
17
3318
3503
3528
2654
2401
312
541
2611
971
2236
3481
3219
627
1308
19
117
2573
2911
3307
323
1355
736
1615
3250
1035
538
199
1903
1346
1470
1724
2892
3490
3515
2976
2522
1461
3308
1532
3091
1510
719
1818
2950
3155
579
895
1699
3193
1186
992
2081
2879
828
1050
1327
261
686
2117
1810
2932
3561
2672
2300
856
1563
397
1526
2329
2590
956
1383
2377
2159
697
3075
349
3294
2202
1204
2379
2254
374
1066
912
2673
1412
699
2800
1225
1896
874
1213
1382
202
2710
2426
3010
1547
3428
3404
3056
1415
2977
2952
2557
698
1590
1516
784
2004
3215
917
2667
2714
794
2732
2396
3478
172
569
3344
2403
2945
12
2632
1664
1491
811
1605
2405
3542
2349
1544
138
877
3492
812
764
1993
1020
3342
2345
220
2847
165
344
444
3620
2183
1877
3229
1759
3511
3331
437
1694
2348
110
2970
611
1458
1270
1259
1376
2881
3524
3472
695
2482
1231
2359
1661
1740
919
1944
1816
217
2584
2529
84
2534
1361
1290
2357
510
3156
2636
1450
2661
3036
158
416
292
612
2613
1314
3171
3025
1251
2656
190
1310
1750
1340
1895
3570
1082
3431
8
863
2677
3343
520
1831
591
2979
1880
178
1585
1867
893
594
2399
1998
1274
514
552
1572
1154
1870
2237
3392
2842
3291
995
3067
360
2059
3599
589
1086
439
1713
901
2861
1477
3321
1277
289
305
3514
962
42
2188
1163
1587
113
57
614
2851
3435
626
2205
1057
2872
1523
1598
706
1453
1328
1084
1910
68
1122
297
3531
1282
3100
2953
3576
847
3365
3493
66
1311
1227
480
810
2194
1249
2023
475
173
2154
1623
2163
2888
1150
448
3161
3168
984
1619
77
441
1869
1974
3244
2552
1969
701
1446
3389
3232
1283
1089
3575
1289
2701
3144
2737
1840
787
3237
892
1899
2271
393
2013
3412
1447
21
2009
718
1861
816
959
3140
815
2346
3363
2772
2198
3581
2610
168
660
2937
2475
2121
804
3057
215
2324
2862
3590
3438
2244
1013
1933
3002
2199
11
1567
1041
1561
2246
3199
900
302
1609
2606
630
2502
458
457
2490
3164
2177
3548
283
717
2821
143
407
431
2053
3279
1961
291
342
3397
2025
249
1092
932
3586
657
646
2774
2882
163
3588
1075
2724
647
1170
354
1607
2158
2747
1904
2635
1400
257
813
2422
1068
1988
601
188
2759
2238
390
1599
2866
307
3400
1978
2483
6
219
2173
2960
1542
1921
287
3491
2360
1635
1350
1220
1606
2338
1878
2528
2213
1739
1117
1468
560
295
1000
3357
3292
509
1413
145
1652
876
3079
2366
1103
2075
3027
490
991
3226
1843
2495
2813
1889
1959
2043
1951
1971
1927
819
1165
1815
2643
2120
239
2912
1142
1997
1266
378
2828
3390
3535
1725
3607
176
2565
455
2639
1474
674
3480
87
1618
1171
3564
142
3460
3083
1419
2814
3043
2003
262
709
41
317
3442
2880
1966
3597
2844
3430
2830
942
3403
3238
417
1841
1233
412
966
3053
951
1642
449
3457
2008
2845
2627
2511
623
3353
3110
1437
1178
3260
536
519
916
2180
1591
3373
2808
386
1318
2273
2544
1936
3068
2773
2113
573
1777
619
1203
3115
2715
1380
3348
1844
897
451
3614
665
2448
1803
516
3077
2045
3018
1078
259
2666
2026
1911
3402
1551
2893
1032
187
133
3145
2809
3029
620
1063
1657
1802
744
31
711
595
2356
807
1232
3391
2838
1829
1049
3420
2786
749
854
1524
2837
3413
1177
3569
2682
1594
3274
2111
2219
2175
2637
3177
3281
3516
1374
2874
793
546
3154
3116
680
2684
2542
1123
3109
415
642
3563
2134
1457
2222
615
1205
3585
1711
67
3016
672
723
3495
851
1519
1466
1462
2719
1948
5
1223
603
2763
1065
1324
2579
332
599
1489
947
171
341
857
1941
139
2425
3334
2372
3046
453
3504
2284
134
2016
198
2250
1533
2619
2406
2444
3595
2599
2554
1297
2293
3243
1761
2820
3635
2423
3519
3339
3485
1957
2340
2450
2903
1617
899
28
1030
405
2878
3534
2176
1392
3611
782
3610
468
1436
524
515
1334
336
2766
2854
972
3293
609
2755
1892
547
1737
1279
2027
3039
442
2765
266
774
313
3064
2548
3324
779
85
2304
329
1637
118
2707
2634
2597
2114
3366
776
2810
3551
2115
2255
758
2384
3323
3114
2445
3163
1406
681
651
3214
1303
2705
1704
2167
2116
3474
2628
3437
3335
2243
2997
150
2811
3169
1849
2781
926
1428
3579
2523
1224
2961
2131
1906
2126
43
3538
3315
1540
2443
2130
81
1991
476
1763
3239
1322
1356
109
2556
3419
151
290
1765
2541
1492
824
879
1886
2788
915
3014
2195
2393
598
1248
983
3231
911
2973
721
1576
3122
1332
3290
550
482
1628
2948
365
781
534
3266
1949
3105
2037
245
3034
1695
1501
1236
3556
2703
2019
1244
3411
242
2543
3533
3206
2504
1766
2067
2337
2564
1143
692
234
2080
2512
1859
1534
2010
684
2132
967
161
2212
1435
735
1514
1372
2073
1832
3261
3444
432
888
2142
2857
83
1839
3636
2622
1228
1659
3434
1945
2499
1043
1208
797
1305
3541
751
1488
62
2002
1939
422
1067
232
3408
2935
682
2058
2230
2690
3320
3129
1269
934
3371
3623
3090
3393
218
2326
1460
2103
716
1209
3401
429
2051
2489
2608
1868
3006
1364
821
1423
2920
596
1679
1133
1398
994
3345
2258
898
1726
3350
1264
3203
319
1499
2152
2886
3070
1119
2553
3592
1685
2467
1947
3058
1473
641
1001
347
3483
542
2181
3612
372
631
327
208
1884
2598
121
2066
3591
2306
2562
3426
3037
1237
3549
1109
204
213
2942
388
3040
3258
2210
3276
1210
100
1678
2365
3606
632
563
1793
3285
2071
1756
469
2743
551
1255
2279
2645
638
3319
1888
2983
2226
2350
724
1202
2662
2525
2109
270
3624
1753
1512
348
747
392
2136
3498
943
2160
1348
2235
2336
636
1915
3445
2668
2671
2017
543
3024
3296
73
82
2316
2044
1653
1920
3047
894
2355
175
277
1118
3078
1010
3088
471
558
367
463
1621
1191
1181
3123
2093
1813
2769
3045
2601
2193
3573
1148
3476
3527
104
1097
1656
2062
885
174
2168
975
1176
424
1663
2417
148
941
2733
1004
1556
3632
675
1931
1937
2706
704
2996
3173
1360
1595
3584
2533
1085
1312
2567
800
275
1130
3465
3325
2607
1371
279
2471
1582
945
602
1128
162
823
981
3013
1873
2101
1875
1669
225
905
3602
3544
2305
1680
2730
3368
1495
679
3089
2951
577
146
1913
2383
2885
584
2138
1716
2850
2020
3172
229
3540
1908
3406
2969
2223
1261
1051
2660
359
3351
391
1708
1667
2931
1007
152
3565
805
269
1552
3
2186
2001
2859
2056
1960
2515
2967
907
3510
2264
1135
303
3255
3488
98
461
3330
358
1375
2006
314
965
286
1120
562
818
3546
1578
1417
3622
128
2858
3305
1131
517
2751
2901
3489
1535
2436
663
1385
1062
97
508
2266
582
1707
3574
1727
3594
3208
3212
385
2139
889
1080
2503
683
1537
1250
2985
2452
3547
3142
2342
2170
3616
75
1384
2432
1496
2615
3081
1337
1395
221
1586
1306
2863
191
196
1127
1529
3310
362
194
2022
2378
1099
80
338
27
184
22
462
2618
2307
555
403
230
1570
1968
105
954
637
285
2748
3035
1276
248
1090
376
256
1864
2242
3641
1691
673
211
1742
2480
1846
3143
1424
2368
1167
131
2278
3458
581
3094
3385
648
434
868
1059
298
765
729
3571
125
1569
3637
1770
2310
3441
2063
3578
3210
1566
728
1758
240
3182
3352
3028
503
2064
2936
3456
3251
352
435
3475
1478
1246
2807
2000
345
1187
708
1734
2738
3146
2729
2070
377
1942
1044
746
1943
47
2469
2209
23
2535
1626
2015
2321
1137
7
771
2211
1964
369
3638
2301
1197
2492
3418
2229
250
918
446
3196
3134
2289
2868
1207
3557
1140
3449
3499
1343
101
3021
2686
3023
473
2218
3117
2165
3634
1965
379
2580
2104
3470
968
2832
325
1928
1230
2761
2583
2918
2481
1589
3132
903
2790
1860
337
3507
1247
389
1429
3205
1550
1341
2799
402
2829
2594
395
2318
1676
2561
2047
929
3084
3522
2833
2516
1235
1105
3455
2036
2943
1125
1564
64
3604
780
260
2404
2474
2343
2704
667
2227
3213
3364
1206
2700
2749
2965
896
1316
321
1693
334
3071
835
1525
2245
969
3063
904
1295
3048
3328
2068
3582
1541
1986
1539
846
865
3126
666
1194
2106
2570
2110
2648
1420
2164
576
387
3521
3300
1823
2764
479
2582
2972
2347
2816
1439
3387
1914
3030
2581
633
1584
539
3369
2100
3228
2989
1918
2287
2739
1545
2207
3424
353
834
3246
2696
320
3593
2848
3139
2281
1448
768
3166
1636
1854
2262
3093
1946
108
331
1347
3005
869
2085
2740
2286
37
93
1139
3204
3526
2035
243
1799
507
119
2408
3152
3224
2998
3103
1070
715
3275
664
605
760
2777
1807
1856
2373
3377
886
1081
2910
3446
1828
2439
1649
523
3376
3374
3405
2508
511
3530
593
1912
585
3051
2787
228
2540
1714
195
1762
678
677
1397
858
634
2993
1003
1983
1475
1671
3227
120
2424
1252
3264
803
955
2414
979
1743
958
668
2760
2260
1391
788
2146
3384
694
1352
3381
1253
2344
2151
3640
2793
2466
1403
2265
9
1287
1800
3469
1610
2330
3372
1345
130
2860
529
565
2907
2621
1112
288
1198
2089
1331
1837
2112
1363
2992
2257
2092
2447
2296
2941
1500
2963
3333
2018
622
643
1916
2572
1319
844
848
613
2477
3422
309
2190
1107
3282
3615
183
1996
2309
414
1976
394
1987
1409
2629
1579
1863
1520
608
1281
1778
880
3532
3587
3174
2038
3407
2456
2933
1682
855
1506
3583
1627
3312
1048
324
1675
3619
1192
2568
3508
831
2921
1646
1746
737
2588
1353
2327
3395
3639
3178
2674
2079
3506
527
53
1597
1217
568
2220
1226
2735
2871
777
1017
1056
1814
