1303
2648
1397
2635
1482
1280
2605
621
552
1356
722
1701
327
2295
1262
831
814
1630
1559
1601
1363
1451
114
2132
1720
1521
1543
2099
653
1353
1187
1378
316
2642
1897
811
914
1231
1679
1887
2457
1396
2604
1802
1432
496
2149
2321
1551
2271
1368
2380
2244
65
1372
2473
26
1203
175
1680
2009
1022
2710
2448
1516
2386
49
2027
685
410
1097
438
942
2688
842
620
302
902
211
1043
408
2606
344
1302
2730
2460
992
147
396
815
191
986
616
659
2472
2453
692
36
1772
1913
1339
2142
377
2080
2601
2418
1047
491
1965
906
426
1098
1875
1402
2445
997
740
1707
1065
683
728
1118
793
1228
2466
318
1681
1556
2570
607
1753
2441
1600
2138
1621
632
125
1156
1370
1743
464
2306
1528
580
189
748
2327
1643
1273
1096
2767
579
460
969
1407
2463
1287
1502
1184
832
592
2477
596
1443
2592
2201
1044
2776
1341
284
2630
1851
1450
782
2180
1110
861
878
508
2352
626
693
206
406
2372
1147
2656
915
771
707
2063
524
1892
1380
2351
686
1699
2174
2500
25
808
2690
1381
1294
555
2003
1827
1229
754
2479
2679
99
2181
875
993
2157
778
2106
1919
715
1518
2074
2097
2483
2076
2007
816
219
661
1023
1415
1067
665
2141
1470
1861
51
1748
1306
2595
1672
503
19
1102
638
2620
9
1954
898
355
1896
1807
888
1838
343
1703
794
2001
60
884
1708
2257
1462
1796
1152
2535
107
2227
286
1059
1550
1021
208
37
1175
516
1912
1499
573
999
2555
1646
2000
1090
1514
1104
977
1570
504
1346
1629
2389
168
1659
124
2559
513
955
133
1504
1308
1436
958
1431
2487
872
11
74
2712
2342
1817
103
1684
2433
1613
1259
1108
446
2336
2655
1656
2440
780
1261
1246
886
1939
1006
576
2259
1619
252
1289
690
411
1391
337
1297
1872
803
1523
1525
1808
93
1987
1572
472
346
1
1873
894
1151
1091
2414
1285
2741
371
2579
2203
18
1821
2686
1158
121
588
1056
2558
1509
434
166
246
2423
2078
670
458
789
68
1239
359
735
2645
347
1904
2219
866
1236
317
2691
675
1692
1163
649
1345
2643
2029
807
979
1826
726
2186
1441
263
423
2683
671
1565
358
867
1994
441
2147
8
799
1755
1120
706
1769
1946
2428
2467
1148
887
1923
1265
1474
296
365
299
945
1400
1209
1645
277
1756
669
1036
2182
2413
75
1178
1243
2130
1486
2650
2317
1018
387
1053
1671
2459
1921
1749
1028
932
207
1797
2458
572
2277
2450
1894
2262
2751
1927
2302
204
1349
2554
2757
462
2435
1498
1940
253
102
453
2653
2013
2454
627
2156
2235
2524
1445
1207
514
2272
964
1324
1214
1015
190
1893
2499
2367
723
1835
2727
493
1541
1569
2431
2064
1408
507
1517
2379
1112
2430
1313
2274
1721
2209
418
1419
2766
1473
2651
1221
1242
1494
1331
1818
1534
1469
734
950
2716
1675
1414
2501
1947
1439
1267
1911
1325
1412
2150
564
2516
873
1763
714
1545
183
1020
2082
721
170
151
1909
1232
1792
522
995
548
1967
424
565
529
598
2740
2290
710
1978
486
46
349
2732
363
241
2444
185
1820
2028
1493
1072
1586
294
1073
1286
2370
1240
1840
1186
287
844
2590
870
123
689
1099
1003
1992
2286
2081
1282
306
563
1220
930
386
928
473
2462
1189
32
1959
1704
1050
1885
2208
530
1310
677
301
1900
79
1622
2545
1264
523
788
818
747
2552
1845
2185
1481
2254
2523
1739
664
1780
2530
854
1058
1834
2256
2050
197
1182
1813
2385
990
1223
1461
1628
2677
2598
2756
2116
2067
233
519
2744
790
2226
12
673
956
770
1420
205
1526
640
1062
323
2218
823
2017
2665
1871
916
2502
1535
1977
2299
1127
73
713
2343
937
2234
618
1348
1934
765
760
2525
238
2476
1477
39
367
1219
1722
41
1309
502
82
1002
786
1610
2401
1579
2510
2609
737
1019
1663
2136
2375
1922
602
1658
34
2095
2434
2361
2670
1693
372
1854
876
2415
2542
2384
2637
2310
182
141
810
1054
899
759
1533
1593
1626
2337
2381
2540
2743
178
1714
428
2497
179
2269
2407
435
863
67
2404
2026
535
1004
2315
2309
983
1406
2167
1222
1702
637
1379
420
2589
1362
4
591
666
2358
457
785
1860
69
1161
1119
160
1719
1951
622
368
1319
1969
2573
249
1847
2720
1145
1683
1495
1332
1914
2346
2110
2199
2636
827
2610
1816
1950
2697
542
2104
89
495
1690
2662
2421
702
1850
890
2215
53
376
2427
1266
658
1484
2318
1876
1166
2699
1008
1342
1114
1283
2349
668
1086
2672
907
527
696
1290
709
2508
1824
2175
554
1906
2659
1393
1506
2287
682
1338
506
934
1336
156
1958
1542
461
751
1070
2304
2228
742
2280
2509
230
2689
971
1653
1513
3
259
2574
2722
1251
2456
1577
385
678
1491
2168
2073
1667
2708
2086
531
1134
2252
2631
2184
575
266
1417
100
375
1986
745
2357
61
1235
2469
2623
2520
1507
562
976
1529
1764
1603
587
221
1388
101
953
223
360
1103
1384
753
351
1602
216
77
2331
1095
2603
222
2324
2402
540
1288
774
2032
2528
2200
547
1810
1300
1031
1907
1584
2135
271
1359
1314
581
1160
2537
1440
1135
1092
2366
468
2576
1698
1131
2155
801
698
2622
2378
2053
445
1823
456
1694
1779
568
1027
1633
731
378
1334
276
2077
2171
2253
2197
2735
1546
1925
2205
1723
2024
536
768
840
1241
1258
2071
845
1804
2124
935
973
2245
2480
701
2120
853
1770
2178
265
869
165
2151
1604
1627
1731
1964
834
2170
897
452
199
485
539
2521
1201
1296
2436
1981
220
490
288
399
184
1985
96
1972
2624
120
2057
285
2037
78
1017
1952
1614
35
1605
2388
2753
447
738
2229
2345
1715
1655
30
2572
1080
2014
586
1654
1597
1444
2143
1973
1869
1970
1318
391
2668
129
2177
805
1268
948
1512
2034
755
1594
1989
2033
2432
1284
2220
1064
92
1252
2223
1083
2390
2282
272
353
2649
612
1558
1132
2647
1574
655
373
1553
1230
322
2706
429
1418
533
172
606
1144
2363
1928
772
957
1767
328
2129
1968
757
1532
152
593
985
1583
307
518
1724
1291
954
1696
1123
110
1563
1042
1321
2770
1458
1386
2190
781
487
1340
262
2669
58
108
1034
64
2531
1642
2505
828
2293
1864
609
599
431
392
1271
557
1775
744
2140
2263
1074
1100
1549
2335
345
1870
1631
2365
2621
1105
352
2054
1691
174
566
852
2703
2399
2094
2696
967
860
278
84
1013
1742
1392
1248
2718
1886
2330
66
1705
711
1668
2176
1115
800
2070
94
2119
2042
340
1075
21
652
891
931
647
2752
2695
111
334
384
2596
1932
680
1253
1650
2308
2216
2117
1508
2325
1677
1197
2163
2011
315
1830
2517
113
1991
42
1467
2705
2005
910
2083
382
2713
169
2627
1695
2206
1620
1057
2164
463
960
1272
1855
6
2513
1121
2020
2018
2737
1905
279
2763
2273
736
551
2403
1358
1648
1172
339
1394
244
1113
297
615
1447
2774
2464
300
2599
202
1255
1055
578
1524
1000
2425
2153
796
1728
1944
2075
1581
154
1398
2411
1399
933
883
2364
1674
256
1639
1832
966
2714
1776
725
2040
1174
127
180
645
1745
1945
2008
401
2355
2551
819
415
22
767
846
2251
2663
1616
1139
1841
290
2546
413
597
2241
1247
1798
2137
2711
251
998
1024
7
1754
1226
704
1200
2409
1669
1260
1094
2586
1035
1963
1367
1138
764
85
1833
2684
797
2233
550
859
1943
2733
1936
1867
556
260
451
2268
2742
2339
2004
1831
510
613
1454
2046
465
1527
324
159
1710
1901
1433
2030
153
625
758
2748
2359
2265
195
1375
1142
1580
929
605
330
864
1045
500
2511
2641
567
1350
1276
442
1503
329
2765
517
982
2093
164
1442
1084
2145
2485
2374
1162
1421
1806
1609
2044
1195
2692
1173
134
2768
917
2451
1463
308
2395
1128
1888
1678
348
833
1519
1761
1819
80
2575
356
662
270
2739
2775
2362
196
115
268
1361
1800
2568
2210
2625
1061
919
2569
1746
1014
1822
1975
1185
1924
309
623
1312
1234
561
274
2096
362
481
848
965
1689
1237
1250
245
192
1920
600
1480
105
895
1404
2667
2764
2772
2052
480
163
1488
332
657
843
1254
1960
739
1979
2717
1369
2356
2392
1926
1552
342
257
1051
1937
821
1766
72
1685
214
2341
2239
200
50
132
305
1437
1377
2058
224
2759
291
2146
1784
422
2539
117
2553
1591
258
2348
826
2564
292
729
1159
688
918
248
2376
354
1389
1337
1839
402
394
312
1538
2123
2694
2489
654
2236
830
732
2769
520
2398
1169
1401
338
1726
2311
2738
641
1751
1853
450
398
1416
1555
1322
1177
2657
138
1387
1179
2566
289
1801
865
1727
2405
81
38
2270
2006
282
474
489
2646
1026
920
724
1257
1335
2446
2671
1464
2260
629
234
1999
1212
56
405
938
1459
1670
1883
1812
1607
388
695
2654
2587
2103
139
1931
1176
1211
2760
471
1106
1862
1011
2628
112
1122
636
1448
674
364
829
927
269
1829
2475
161
17
2607
2484
2283
1320
2249
1466
991
743
2111
2526
857
1712
1146
1218
280
1700
2442
2408
2183
2685
2267
2506
2771
2225
2565
2612
2563
2187
370
2015
1352
1428
1777
2062
1040
1457
162
1191
1205
603
2369
2678
2437
2424
15
140
313
1966
1071
2680
155
261
128
236
817
1706
994
122
779
650
2426
1587
389
1301
1304
98
2397
2560
2222
1615
2036
2644
787
2556
448
871
1640
763
325
14
232
2338
2498
1088
1729
403
443
1842
2715
1202
335
2704
2126
227
27
944
95
97
2214
311
1046
1903
1371
2709
1557
1915
104
59
2729
1596
1895
2721
2412
847
255
1688
537
2319
908
2160
212
254
1124
2557
1782
2406
2340
1107
1351
2192
570
1536
584
639
881
2567
198
962
2154
1049
901
1438
1126
2529
2698
874
594
476
2673
1618
1664
2189
2328
1366
617
421
70
1916
1395
820
2693
1522
231
247
20
2285
203
762
1204
1143
2652
118
2213
648
798
430
959
52
1116
1413
2701
1217
2088
2169
1410
1078
2242
2191
43
1465
501
2583
538
2461
2468
1611
1713
2734
1130
2666
2503
1880
1786
628
1562
400
1299
2584
135
2755
1478
1382
2002
1007
1063
1068
1317
1957
1865
512
2495
393
2543
1961
2051
947
2314
2593
2048
28
2230
1168
2549
2611
2326
877
549
1730
1275
1149
2158
509
2382
1245
2065
350
1066
1329
1009
1170
2298
2429
2547
2371
2478
1274
1180
1427
1475
978
2109
235
1295
414
1962
574
1423
2396
1990
2276
1849
1651
1424
1725
595
1030
2544
2301
1434
2098
849
1956
804
228
752
2114
2470
1578
716
459
2761
1933
2518
1511
1711
1814
558
