>  1 1174 1035 774 728 686 553 394 378 361 350 330 328 287 249 210 207 110 109 108 107 106 105 91 90 89 15 14 13 7 6 5 4 3 2
>  2 1216 1197 1192 1190 1187 1178 1177 1174 1169 1159 1151 1119 1096 1089 1065 1057 1049 1037 1035 1034 1019 1018 1015 1011 1004 993 967 954 952 948 944 931 923 917 911 903 898 896 892 883 881 879 870 869 858 849 844 825 811 803 801 799 796 795 790 789 781 777 774 754 747 745 744 737 736 732 728 719 718 702 698 696 686 683 679 676 674 670 643 624 622 621 620 616 599 593 584 576 554 553 548 545 542 534 516 512 507 506 504 483 482 480 477 475 464 451 448 438 433 432 427 426 424 418 401 394 389 378 370 367 366 361 355 350 345 338 330 328 320 319 309 308 302 301 297 289 287 271 270 259 257 255 249 245 241 240 238 214 213 211 210 207 206 136 135 134 130 129 128 118 117 116 115 114 113 112 111 110 109 108 107 106 105 91 90 89 88 87 86 85 84 83 82 81 29 28 27 26 25 24 23 22 21 20 19 18 16 15 14 13 7 6 5 4 3 2 1
>  3 1200 1183 1156 1150 1126 1097 1068 1045 1035 1001 932 667 650 591 574 559 530 525 511 439 394 392 360 350 337 330 327 323 303 272 264 249 223 222 207 184 183 182 181 180 179 178 177 176 175 174 91 90 89 65 64 63 62 61 60 59 7 6 5 4 3 2
>  4 1168 1140 1133 1080 1047 1041 1015 970 958 950 865 853 851 838 821 763 759 734 723 702 701 676 671 666 645 630 629 623 611 608 602 599 596 589 576 534 510 497 483 465 457 435 390 388 366 358 343 332 325 282 279 277 258 239 224 222 214 211 187 186 185 181 180 179 178 177 176 175 174 136 135 134 133 118 117 116 115 114 113 112 111 71 70 69 68 67 66 59 28 27 26 25 24 16
>  5 1214 1169 1154 1107 1089 1035 1020 1007 928 923 890 870 765 745 742 730 726 696 690 674 669 664 641 575 488 484 456 441 433 428 422 411 394 389 365 350 330 309 297 286 271 249 240 230 219 209 207 206 167 166 165 164 163 162 104 103 102 101 100 99 98 91 90 89 88 87 86 85 84 83 82 81 44 43 42 12 11 7 6 5 4 3 2 1
>  6 1217 1215 1155 1145 1105 1104 1095 1079 1054 1046 1035 965 961 934 899 884 862 819 788 771 768 694 682 681 663 661 655 653 640 634 595 588 572 558 551 550 540 518 510 508 501 494 474 455 452 443 434 431 429 394 388 384 382 351 350 335 330 293 263 249 234 227 224 217 215 207 205 204 203 202 201 200 199 198 187 186 185 154 153 152 151 150 149 148 140 139 138 137 91 90 89 80 71 70 69 68 67 66 39 38 35 34 33 32 31 7 6 5 4 3 2
>  7 1035 1007 726 690 488 441 394 350 330 286 249 219 207 167 166 165 164 163 162 91 90 89 44 43 42 7 6 5 4 3 2
>  8 1035 394 350 330 249 207 91 90 89 7 6 5 4 3 2
>  9 1015 1009 713 703 702 676 673 599 581 576 568 552 534 523 491 483 366 364 363 282 279 214 211 208 136 135 134 133 118 117 116 115 114 113 112 111 97 96 95 94 93 92 28 27 26 25 24 16 10 9 8
>  10 1088 1035 1007 726 690 562 488 469 441 394 379 350 330 311 286 262 249 219 212 207 167 166 165 164 163 162 126 125 124 123 122 121 120 119 91 90 89 44 43 42 17 7 6 5 4 3 2
>  11 1049 1035 1015 1004 849 844 799 754 702 683 676 599 576 534 483 480 475 394 370 366 355 350 345 330 249 214 211 207 136 135 134 118 117 116 115 114 113 112 111 91 90 89 29 28 27 26 25 24 16 7 6 5 4 3 2
>  12 1035 1007 726 690 488 441 394 350 330 286 249 219 207 167 166 165 164 163 162 91 90 89 44 43 42 7 6 5 4 3 2
>  13 1188 1063 1036 982 968 941 868 852 757 717 700 685 634 606 580 538 442 421 404 373 347 339 306 304 299 296 222 221 217 181 180 179 178 177 176 175 174 173 172 171 170 154 153 152 151 150 149 148 59 57 56 55 54 53 52 39 38
>  14 1182 1158 1123 837 835 821 760 758 676 650 611 602 592 589 586 534 525 511 465 457 366 360 337 332 325 323 279 272 223 222 214 184 183 182 181 180 179 178 177 176 175 174 136 135 134 133 65 64 63 62 61 60 59 28 27 26 25 24
>  15 1188 1139 1118 1063 1036 1016 982 978 973 968 943 941 868 852 757 731 717 700 699 685 652 634 619 606 580 538 536 469 460 445 442 430 421 408 404 400 399 393 373 352 347 339 314 311 306 304 299 296 291 250 222 221 217 212 181 180 179 178 177 176 175 174 173 172 171 170 154 153 152 151 150 149 148 126 125 124 123 122 121 120 119 59 57 56 55 54 53 52 39 38 17
>  16 556 213 130 129 128 127 22 21 20 19 18
>  17 1054 934 661 551 455 452 351 263 215 213 140 139 138 137 130 129 128 35 34 33 32 31 23 22 21 20 19 18
>  18 676 534 366 214 136 135 30 29 28 27 26 25 24
>  19 1217 1215 1035 819 788 768 682 634 595 588 501 474 394 350 330 249 217 207 154 153 152 151 150 149 148 91 90 89 39 38 7 6 5 4 3 2
>  20 1211 1202 1132 1092 1063 1058 1056 1036 982 968 959 941 938 937 868 852 809 757 717 700 685 650 639 634 631 628 606 604 582 580 538 525 517 514 511 442 421 404 381 373 360 347 339 337 323 306 304 300 299 298 296 272 223 222 221 217 184 183 182 181 180 179 178 177 176 175 174 173 172 171 154 153 152 151 150 149 148 65 64 63 62 61 60 59 57 56 55 54 53 52 39 38
>  21 1199 1175 1172 1168 1140 1133 1103 1098 1090 1080 1047 1041 1031 1023 1015 1002 970 958 950 914 865 863 857 853 851 847 838 823 822 821 792 785 763 759 734 727 723 704 702 701 691 684 676 672 671 666 645 633 630 629 623 611 608 602 599 596 589 576 570 534 533 510 499 497 487 486 483 470 465 463 457 450 444 435 425 415 390 388 366 358 346 343 332 325 313 282 279 277 268 260 258 256 239 237 224 222 216 214 211 187 186 185 181 180 179 178 177 176 175 174 147 146 145 144 143 142 141 136 135 134 133 118 117 116 115 114 113 112 111 71 70 69 68 67 66 59 37 36 28 27 26 25 24 16
>  22 1228 1226 1224 1222 1218 1217 1215 1206 1199 1198 1175 1173 1172 1160 1156 1148 1147 1144 1135 1128 1125 1103 1098 1090 1077 1072 1063 1055 1049 1041 1036 1035 1031 1023 1015 1006 1004 1002 995 990 983 982 976 968 962 941 939 930 929 925 914 904 894 872 868 865 863 861 857 852 850 849 848 847 846 844 831 823 822 821 819 814 813 799 792 788 782 773 768 759 757 754 749 746 743 741 738 729 727 721 720 717 705 704 702 700 695 691 685 684 683 682 676 672 662 651 644 634 633 632 629 611 608 606 602 599 595 589 588 585 580 576 574 570 541 538 534 533 530 501 500 499 498 487 486 483 481 480 475 474 472 471 470 465 463 457 450 444 442 439 425 421 415 414 404 394 392 373 370 368 366 362 355 353 350 347 346 345 343 341 339 332 330 327 325 322 317 313 306 304 299 296 292 284 274 265 264 260 256 249 247 239 237 228 222 221 217 216 214 211 207 181 180 179 178 177 176 175 174 173 172 171 154 153 152 151 150 149 148 147 146 145 144 143 142 141 136 135 134 118 117 116 115 114 113 112 111 91 90 89 59 57 56 55 54 53 52 39 38 37 36 29 28 27 26 25 24 16 7 6 5 4 3 2
>  23 1216 1197 1178 1168 1134 1096 1080 1015 970 967 958 950 944 917 913 893 892 883 877 871 869 851 810 736 734 723 702 701 698 696 676 674 645 643 630 623 620 600 599 596 593 576 539 534 510 497 493 483 477 433 426 423 398 390 388 367 366 358 309 308 289 282 279 278 258 245 240 224 214 211 206 187 186 185 136 135 134 133 132 131 118 117 116 115 114 113 112 111 88 87 86 85 84 83 82 81 71 70 69 68 67 66 29 28 27 26 25 24 16 1
>  24 1160 1035 695 394 350 347 330 304 249 247 221 207 173 172 171 170 91 90 89 57 56 55 54 53 52 7 6 5 4 3 2
>  25 1181 1156 1086 1044 1035 1017 856 839 829 806 802 767 725 715 711 692 626 607 598 583 574 537 530 523 466 439 394 392 377 369 356 350 344 331 330 327 310 264 249 222 208 207 181 180 179 178 177 176 175 174 97 96 95 94 93 92 91 90 89 59 10 9 8 7 6 5 4 3 2
>  26 1218 1206 1156 1049 1041 1035 1015 1006 1004 976 925 865 849 848 844 821 799 759 754 749 741 720 702 683 676 629 611 608 602 599 589 576 574 534 530 483 480 475 465 457 439 394 392 370 366 355 350 345 343 332 330 327 325 264 249 239 222 214 211 207 181 180 179 178 177 176 175 174 136 135 134 118 117 116 115 114 113 112 111 91 90 89 59 29 28 27 26 25 24 16 7 6 5 4 3 2
>  27 676 534 366 279 214 136 135 134 133 28 27 26 25 24
>  28 1226 1217 1215 1173 1160 1156 1125 1063 1036 1035 983 982 968 941 868 861 852 819 814 788 768 757 746 743 717 700 695 685 682 634 606 595 588 580 574 538 530 501 474 442 439 421 404 394 392 373 350 347 339 330 327 306 304 299 296 264 249 247 222 221 217 207 181 180 179 178 177 176 175 174 173 172 171 154 153 152 151 150 149 148 91 90 89 59 57 56 55 54 53 52 39 38 7 6 5 4 3 2
>  29 1214 1156 1154 1107 1035 1020 928 890 765 742 730 669 664 641 575 574 530 484 456 439 428 422 411 394 392 365 350 330 327 264 249 230 222 209 207 181 180 179 178 177 176 175 174 104 103 102 101 100 99 98 91 90 89 59 12 11 7 6 5 4 3 2
>  30 1188 1063 1036 982 968 941 868 852 757 717 700 685 634 606 580 538 442 421 404 373 347 339 306 304 299 296 222 221 217 181 180 179 178 177 176 175 174 173 172 171 170 154 153 152 151 150 149 148 59 57 56 55 54 53 52 39 38
>  31 1214 1154 1107 1035 1020 928 890 765 742 730 669 664 641 575 484 456 428 422 411 394 365 350 330 249 230 209 207 104 103 102 101 100 99 98 91 90 89 12 11 7 6 5 4 3 2
>  32 1200 1183 1150 1068 1035 667 650 591 559 525 394 350 330 303 272 249 223 207 184 183 182 91 90 89 65 64 63 62 61 60 7 6 5 4 3 2
>  33 1226 1221 1218 1208 1206 1201 1195 1177 1176 1174 1160 1156 1146 1144 1135 1124 1121 1115 1113 1063 1057 1055 1049 1041 1040 1036 1035 1029 1027 1021 1018 1015 1006 1004 993 983 976 957 951 930 925 915 881 872 865 849 848 845 844 842 841 831 825 821 813 801 799 796 790 782 777 776 774 766 761 759 754 749 743 741 732 728 721 720 719 718 702 695 688 686 683 676 670 632 629 624 617 615 611 608 606 603 602 599 589 576 574 557 554 553 545 538 534 530 512 509 506 483 481 480 479 475 473 471 465 457 453 448 442 439 432 421 410 395 394 392 378 370 368 366 361 355 350 348 347 345 343 340 338 332 330 328 327 325 304 302 287 284 282 279 265 264 249 247 239 222 221 214 211 210 207 181 180 179 178 177 176 175 174 173 172 171 136 135 134 133 118 117 116 115 114 113 112 111 110 109 108 107 106 105 91 90 89 59 57 56 55 54 53 52 29 28 27 26 25 24 16 15 14 13 7 6 5 4 3 2
>  34 1225 1221 1216 1208 1197 1195 1192 1190 1159 1146 1144 1096 1081 1037 1021 1003 981 979 957 951 931 903 898 892 879 873 845 825 795 777 776 736 721 698 696 688 676 674 670 643 632 620 615 603 593 578 553 548 545 542 535 534 524 512 509 506 504 481 479 473 464 453 438 433 395 368 367 366 347 340 309 308 304 302 289 284 279 265 240 238 221 214 210 206 173 172 171 136 135 134 133 110 109 108 107 106 105 88 87 86 85 84 83 82 81 57 56 55 54 53 52 29 28 27 26 25 24 15 14 13 1
>  35 1169 1089 1035 1007 923 893 877 870 745 726 698 696 690 683 676 674 600 593 539 488 441 433 423 398 394 389 355 350 330 309 297 289 286 279 278 271 249 240 219 214 207 206 167 166 165 164 163 162 136 135 134 133 132 131 91 90 89 88 87 86 85 84 83 82 81 44 43 42 26 25 24 7 6 5 4 3 2 1
>  36 1218 1156 1041 1035 1004 844 799 759 754 749 741 629 608 574 530 483 480 475 439 394 392 374 370 350 343 330 327 264 249 239 222 218 211 207 181 180 179 178 177 176 175 174 161 160 159 158 157 156 155 118 117 116 115 114 113 112 111 91 90 89 59 41 40 16 7 6 5 4 3 2
>  37
>  38 1217 1215 1035 819 788 768 682 634 595 588 501 474 394 350 330 249 217 207 154 153 152 151 150 149 148 91 90 89 39 38 7 6 5 4 3 2
>  39 1155 1054 965 934 862 661 551 550 510 455 452 429 388 384 351 293 263 227 224 215 205 204 203 202 201 200 199 198 187 186 185 140 139 138 137 80 71 70 69 68 67 66 35 34 33 32 31
>  40 676 539 423 398 279 278 214 136 135 134 133 132 131 26 25 24
>  41 1206 1195 1179 1144 1135 1063 1055 1041 1036 1015 963 925 875 872 865 848 831 821 820 813 797 782 759 721 720 702 676 632 629 611 608 606 602 599 589 576 538 534 483 481 479 471 465 457 442 421 409 368 366 347 343 332 325 304 284 282 279 265 239 222 221 214 211 181 180 179 178 177 176 175 174 173 172 171 170 136 135 134 133 118 117 116 115 114 113 112 111 59 57 56 55 54 53 52 29 28 27 26 25 24 16
>  42 1188 1063 1036 982 968 941 868 852 757 717 700 685 634 606 580 538 442 421 404 373 347 339 306 304 299 296 222 221 217 181 180 179 178 177 176 175 174 173 172 171 170 154 153 152 151 150 149 148 59 57 56 55 54 53 52 39 38
>  43 1221 1208 1206 1201 1195 1176 1146 1144 1135 1121 1115 1113 1063 1055 1041 1040 1036 1029 1027 1021 1018 1015 993 957 951 925 872 865 848 845 842 841 831 825 821 813 801 796 790 782 777 776 766 761 759 732 721 720 719 718 702 688 676 670 632 629 624 617 615 611 608 606 603 602 599 589 576 557 554 553 545 538 534 512 509 506 483 481 479 473 471 465 457 453 448 442 432 421 410 395 368 366 348 347 343 340 338 332 325 304 302 284 282 279 265 239 222 221 214 211 210 181 180 179 178 177 176 175 174 173 172 171 136 135 134 133 118 117 116 115 114 113 112 111 110 109 108 107 106 105 59 57 56 55 54 53 52 29 28 27 26 25 24 16 15 14 13
>  44 1221 1195 1146 1144 1021 957 951 845 825 777 676 670 632 615 603 553 545 534 512 509 506 481 479 473 453 395 368 366 347 340 304 302 279 221 214 210 173 172 171 170 136 135 134 133 110 109 108 107 106 105 55 54 53 52 28 27 26 25 24 15 14 13
>  45 1227 1223 1168 1157 1142 1140 1139 1133 1118 1108 1100 1099 1080 1071 1060 1048 1047 1041 1039 1016 1015 1008 986 971 970 958 955 950 936 912 902 889 888 886 882 880 874 865 853 851 838 821 816 798 770 763 759 734 731 723 702 701 699 676 671 666 665 652 645 630 629 623 613 611 608 602 599 596 594 589 576 571 561 560 544 534 521 520 513 510 502 497 492 490 483 478 476 469 465 460 457 445 435 430 419 408 400 390 388 366 358 354 352 343 336 332 325 312 311 294 290 285 282 279 277 269 266 258 251 239 224 222 214 212 211 187 186 185 181 180 179 178 177 176 175 174 136 135 134 133 126 125 124 123 122 121 120 119 118 117 116 115 114 113 112 111 71 70 69 68 67 66 59 28 27 26 25 24 17 16
>  46 1172 1153 1105 1103 1098 1095 1054 1050 1046 1035 1004 934 844 799 792 771 754 727 694 693 684 681 672 661 644 640 572 570 558 551 500 499 494 483 480 475 455 452 450 434 425 415 412 394 382 370 362 351 350 330 322 313 292 275 274 263 256 249 216 215 211 207 147 146 145 144 143 142 141 140 139 138 137 118 117 116 115 114 113 112 111 91 90 89 37 36 35 34 33 32 31 16 7 6 5 4 3 2
>  47 523 208 97 96 95 94 93 92 10 9 8
>  48 1200 1183 1156 1150 1126 1097 1068 1045 1035 1001 932 667 650 591 574 559 530 525 511 439 394 392 360 350 337 330 327 323 303 272 264 249 223 222 207 184 183 182 181 180 179 178 177 176 175 174 91 90 89 65 64 63 62 61 60 59 7 6 5 4 3 2
>  49 1156 1035 574 530 439 394 392 374 350 330 327 264 249 222 218 207 181 180 179 178 177 176 175 174 161 160 159 158 157 156 155 91 90 89 59 41 40 7 6 5 4 3 2
>  50 1170 1153 1152 1094 1054 1050 1041 934 922 920 783 759 693 690 661 657 629 608 563 551 529 483 455 452 412 376 351 343 295 286 275 263 239 222 219 215 211 181 180 179 178 177 176 175 174 167 166 165 164 163 162 140 139 138 137 118 117 116 115 114 113 112 111 59 44 43 42 35 34 33 32 31 16
>  51 1027 1018 1015 993 951 825 801 796 790 777 732 719 718 702 676 670 624 603 599 576 554 553 545 534 512 506 483 448 432 366 338 302 282 279 214 211 210 136 135 134 133 118 117 116 115 114 113 112 111 110 109 108 107 106 105 28 27 26 25 24 16 15 14 13
>  52 1168 1080 1027 1018 1015 993 970 958 951 950 851 825 801 796 790 777 734 732 723 719 718 702 701 676 670 645 630 624 623 603 599 596 576 554 553 545 534 512 510 506 497 483 448 432 390 388 366 358 338 302 282 279 258 224 214 211 210 187 186 185 136 135 134 133 118 117 116 115 114 113 112 111 110 109 108 107 106 105 71 70 69 68 67 66 28 27 26 25 24 16 15 14 13
>  53 676 534 523 366 279 214 208 136 135 134 133 97 96 95 94 93 92 28 27 26 25 24 10 9 8
>  54 1155 1054 965 934 862 661 551 550 510 455 452 429 388 384 351 263 224 215 187 186 185 140 139 138 137 71 70 69 68 67 66 35 34 33 32 31
>  55 1221 1208 1188 1139 1122 1118 1063 1036 1029 1016 1005 998 984 982 978 973 968 957 943 941 940 868 852 845 840 832 805 778 776 766 757 731 717 700 699 688 685 668 652 634 627 619 617 615 612 606 580 569 565 557 553 549 538 536 515 509 473 469 460 454 453 445 442 430 421 420 417 410 408 405 404 400 399 395 393 391 373 352 348 347 340 339 314 311 306 304 299 296 291 250 222 221 217 212 210 181 180 179 178 177 176 175 174 173 172 171 170 154 153 152 151 150 149 148 126 125 124 123 122 121 120 119 110 109 108 107 106 105 59 57 56 55 54 53 52 39 38 17 15 14 13
>  56 1139 1118 1064 1016 906 867 731 699 687 654 652 650 638 525 511 503 469 460 445 430 408 400 386 372 360 352 337 323 311 272 267 254 223 222 212 184 183 182 181 180 179 178 177 176 175 174 126 125 124 123 122 121 120 119 65 64 63 62 61 60 59 17
>  57 1221 1208 1188 1139 1122 1118 1063 1036 1029 1016 1005 998 984 982 978 973 968 957 943 941 940 868 852 845 840 832 805 778 776 766 757 731 717 700 699 688 685 668 652 634 627 619 617 615 612 606 580 569 565 557 553 549 538 536 515 509 473 469 460 454 453 445 442 430 421 420 417 410 408 405 404 400 399 395 393 391 373 352 348 347 340 339 314 311 306 304 299 296 291 250 222 221 217 212 210 181 180 179 178 177 176 175 174 173 172 171 170 154 153 152 151 150 149 148 126 125 124 123 122 121 120 119 110 109 108 107 106 105 59 57 56 55 54 53 52 39 38 17 15 14 13
>  58 1188 1139 1118 1063 1036 1016 982 978 973 968 943 941 868 852 757 731 717 700 699 685 652 634 619 606 580 538 536 469 460 445 442 430 421 408 404 400 399 393 373 352 347 339 314 311 306 304 299 296 291 250 222 221 217 212 181 180 179 178 177 176 175 174 173 172 171 170 154 153 152 151 150 149 148 126 125 124 123 122 121 120 119 59 57 56 55 54 53 52 39 38 17
>  59 1184 1170 1168 1155 1153 1152 1141 1140 1136 1133 1094 1080 1054 1050 1047 1041 1015 980 970 965 958 950 934 922 920 865 864 862 855 853 851 838 834 821 812 783 780 763 759 756 748 740 734 723 702 701 693 676 671 666 661 657 645 630 629 623 611 608 602 599 596 589 576 563 551 550 534 529 510 497 483 465 458 457 455 452 449 435 429 412 390 388 384 376 366 358 351 343 332 325 295 282 281 279 277 275 263 258 243 239 224 222 215 214 211 187 186 185 181 180 179 178 177 176 175 174 140 139 138 137 136 135 134 133 118 117 116 115 114 113 112 111 71 70 69 68 67 66 59 35 34 33 32 31 28 27 26 25 24 16
>  60 1189 1182 1158 1123 1091 1073 1041 1015 987 919 885 865 837 835 824 821 760 759 758 702 676 650 629 611 608 602 599 592 589 586 576 534 525 511 483 465 457 406 366 360 343 337 332 325 323 282 279 272 246 239 223 222 214 211 184 183 182 181 180 179 178 177 176 175 174 136 135 134 133 118 117 116 115 114 113 112 111 65 64 63 62 61 60 59 28 27 26 25 24 16
>  61 1221 1219 1208 1195 1181 1176 1146 1144 1135 1113 1074 1063 1036 1029 1025 1021 957 951 845 841 831 829 825 821 813 777 776 766 733 721 715 711 692 688 678 677 676 670 632 617 615 611 606 603 602 598 589 583 557 553 545 538 534 526 523 512 509 506 481 479 473 465 457 453 442 421 410 402 395 385 377 368 366 348 347 344 340 332 331 325 304 302 279 229 222 221 214 210 208 181 180 179 178 177 176 175 174 173 172 171 170 136 135 134 133 110 109 108 107 106 105 97 96 95 94 93 92 59 57 56 55 54 53 52 28 27 26 25 24 15 14 13 10 9 8
>  62 1065 1035 1034 1019 811 789 584 516 451 394 350 330 320 257 249 213 207 130 129 128 91 90 89 23 22 21 20 19 18 7 6 5 4 3 2
>  63 1155 1054 965 934 862 690 661 551 550 510 455 452 429 388 384 351 293 286 263 227 224 219 215 205 204 203 202 201 200 199 198 187 186 185 167 166 165 164 163 162 140 139 138 137 80 71 70 69 68 67 66 44 43 42 35 34 33 32 31
>  64 1228 1226 1225 1224 1222 1218 1217 1216 1215 1212 1206 1203 1198 1197 1186 1185 1178 1173 1169 1161 1160 1156 1148 1144 1135 1130 1128 1125 1114 1111 1096 1089 1087 1077 1072 1066 1063 1055 1049 1041 1038 1036 1035 1033 1015 1013 1012 1011 1006 1004 997 995 992 990 983 982 981 979 976 975 974 968 967 960 944 941 939 930 929 927 925 923 917 909 904 901 894 892 883 876 873 872 870 869 868 865 861 852 850 849 848 846 844 833 831 826 821 819 815 814 813 804 799 788 784 782 773 768 759 757 754 749 746 745 743 741 738 737 736 729 721 720 717 709 705 702 700 698 696 695 685 683 682 676 674 659 651 643 634 632 629 620 614 611 608 606 602 599 595 593 590 589 588 587 585 580 578 576 574 538 535 534 530 528 524 505 501 498 483 481 480 477 475 474 471 465 457 447 442 439 433 426 421 414 413 404 394 392 389 387 373 370 368 367 366 355 353 350 349 347 345 343 342 339 332 330 327 325 317 309 308 306 304 299 297 296 289 284 276 271 265 264 249 247 245 240 239 228 222 221 217 214 211 207 206 181 180 179 178 177 176 175 174 173 172 171 154 153 152 151 150 149 148 136 135 134 118 117 116 115 114 113 112 111 91 90 89 88 87 86 85 84 83 82 81 59 57 56 55 54 53 52 39 38 29 28 27 26 25 24 16 7 6 5 4 3 2 1
>  65 1035 394 350 330 249 207 91 90 89 7 6 5 4 3 2
>  66 1184 1170 1168 1155 1153 1152 1141 1140 1136 1133 1094 1080 1054 1050 1047 1041 1015 980 970 965 958 950 934 922 920 865 864 862 855 853 851 838 834 821 812 783 780 763 759 756 748 740 734 723 702 701 693 676 671 666 661 657 645 630 629 623 611 608 602 599 596 589 576 563 551 550 534 529 510 497 483 465 458 457 455 452 449 435 429 412 390 388 384 376 366 358 351 343 332 325 295 282 281 279 277 275 263 258 243 239 224 222 215 214 211 187 186 185 181 180 179 178 177 176 175 174 140 139 138 137 136 135 134 133 118 117 116 115 114 113 112 111 71 70 69 68 67 66 59 35 34 33 32 31 28 27 26 25 24 16
>  67 1221 1217 1215 1208 1193 1188 1174 1160 1042 1035 1014 1005 994 957 940 900 868 845 827 819 814 788 774 768 728 695 688 686 682 634 615 595 588 553 549 515 509 501 474 473 453 417 404 395 394 378 361 350 347 340 330 328 306 304 299 296 287 249 247 221 217 210 207 173 172 171 170 154 153 152 151 150 149 148 110 109 108 107 106 105 91 90 89 56 55 54 53 52 39 38 15 14 13 7 6 5 4 3 2
>  68 1221 1208 1188 1063 1036 1029 1005 982 968 957 941 940 868 852 845 778 776 766 757 717 700 688 685 634 617 615 606 580 557 553 549 538 515 509 473 453 442 421 417 410 404 395 373 348 347 340 339 306 304 299 296 222 221 217 210 181 180 179 178 177 176 175 174 173 172 171 170 154 153 152 151 150 149 148 110 109 108 107 106 105 59 57 56 55 54 53 52 39 38 15 14 13
>  69 1035 1004 844 799 754 483 480 475 394 370 350 330 249 211 207 118 117 116 115 114 113 112 111 91 90 89 16 7 6 5 4 3 2
>  70 1214 1156 1154 1107 1035 1020 928 890 765 742 730 669 664 641 575 574 530 484 456 439 428 422 411 394 392 365 350 330 327 264 249 230 222 209 207 181 180 179 178 177 176 175 174 104 103 102 101 100 99 98 91 90 89 59 12 11 7 6 5 4 3 2
>  71 1154 1038 1020 1012 709 696 674 669 659 641 484 447 433 413 411 349 309 240 222 209 206 181 180 179 178 177 176 175 174 104 103 102 101 100 99 98 88 87 86 85 84 83 82 81 59 12 11 1
>  72 1220 1216 1209 1204 1197 1196 1194 1191 1169 1106 1096 1089 1084 1083 1061 1035 1028 1022 1011 923 921 892 870 849 791 779 745 737 736 708 698 696 683 676 674 656 646 643 620 601 593 534 496 495 467 446 433 396 394 389 371 367 366 355 350 345 330 318 309 308 297 289 273 271 253 249 242 240 236 225 214 207 206 191 190 189 188 136 135 134 91 90 89 88 87 86 85 84 83 82 81 76 75 74 73 72 29 28 27 26 25 24 7 6 5 4 3 2 1
>  73 1217 1215 1149 1035 1026 1009 1004 904 844 819 806 799 788 768 754 725 713 703 682 673 634 626 607 595 588 581 568 552 537 523 501 491 483 480 475 474 466 394 370 369 364 363 356 353 350 330 310 249 217 211 208 207 154 153 152 151 150 149 148 118 117 116 115 114 113 112 111 97 96 95 94 93 92 91 90 89 39 38 16 10 9 8 7 6 5 4 3 2
>  74 1035 1007 726 690 644 500 488 441 394 362 350 330 322 292 286 274 249 219 216 207 167 166 165 164 163 162 147 146 145 144 143 142 141 91 90 89 44 43 42 37 36 7 6 5 4 3 2
>  75 1174 1156 1124 1035 774 766 728 686 617 574 557 553 530 439 410 394 392 378 361 350 348 330 328 327 287 264 249 222 210 207 181 180 179 178 177 176 175 174 110 109 108 107 106 105 91 90 89 59 15 14 13 7 6 5 4 3 2
>  76 1216 1197 1096 892 736 698 696 676 674 643 620 593 534 433 367 366 309 308 289 240 214 206 136 135 134 88 87 86 85 84 83 82 81 29 28 27 26 25 24 1
>  77 1217 1215 1173 1160 1035 868 819 814 788 768 757 695 682 634 595 588 501 474 404 394 350 347 339 330 306 304 299 296 249 247 221 217 207 173 172 171 154 153 152 151 150 149 148 91 90 89 57 56 55 54 53 52 39 38 7 6 5 4 3 2
>  78 1035 1007 726 690 488 441 394 350 330 286 249 219 207 167 166 165 164 163 162 91 90 89 44 43 42 7 6 5 4 3 2
>  79 1181 853 838 829 715 711 692 671 666 598 583 523 510 435 388 377 344 331 277 224 222 208 187 186 185 181 180 179 178 177 176 175 174 97 96 95 94 93 92 71 70 69 68 67 66 59 10 9 8
>  80 676 534 366 214 136 135 134 29 28 27 26 25 24
>  81 1228 1224 1222 1221 1213 1208 1206 1201 1195 1180 1176 1148 1146 1144 1135 1128 1121 1115 1113 1093 1072 1063 1055 1041 1040 1036 1029 1027 1021 1018 1015 1010 1005 995 993 990 982 977 968 957 951 941 940 939 929 925 904 894 872 868 865 852 850 848 846 845 842 841 831 825 821 813 801 800 796 790 782 778 777 776 773 766 761 759 757 755 750 738 732 729 724 721 720 719 718 717 705 702 700 688 685 676 670 651 634 632 629 624 617 615 611 608 606 603 602 599 589 585 580 576 557 554 553 549 545 538 534 515 512 509 506 498 483 481 479 473 471 465 457 453 448 442 432 421 417 414 410 404 395 375 373 368 366 353 348 347 343 340 339 338 332 325 317 306 304 302 299 296 284 282 279 265 239 228 222 221 217 214 211 210 181 180 179 178 177 176 175 174 173 172 171 154 153 152 151 150 149 148 136 135 134 133 118 117 116 115 114 113 112 111 110 109 108 107 106 105 59 57 56 55 54 53 52 39 38 29 28 27 26 25 24 16 15 14 13
>  82 1171 1131 1108 1067 971 878 786 712 676 649 647 597 560 544 534 519 492 478 476 469 461 366 324 311 305 294 293 269 266 251 227 214 212 205 204 203 202 201 200 199 198 136 135 134 126 125 124 123 122 121 120 119 80 29 28 27 26 25 24 17
>  83 1035 1007 726 690 488 441 394 350 330 286 249 219 207 167 166 165 164 163 162 91 90 89 44 43 42 7 6 5 4 3 2
>  84 1035 394 350 330 249 207 91 90 89 7 6 5 4 3 2
>  85 1188 1139 1118 1063 1036 1016 982 978 973 968 943 941 868 852 757 731 717 700 699 685 652 634 619 606 580 538 536 469 460 445 442 430 421 408 404 400 399 393 373 352 347 339 314 311 306 304 299 296 291 250 222 221 217 212 181 180 179 178 177 176 175 174 173 172 171 170 154 153 152 151 150 149 148 126 125 124 123 122 121 120 119 59 57 56 55 54 53 52 39 38 17
>  86 1188 1063 1036 982 968 941 868 852 757 717 700 685 634 606 580 538 442 421 404 373 347 339 306 304 299 296 222 221 217 181 180 179 178 177 176 175 174 173 172 171 170 154 153 152 151 150 149 148 59 57 56 55 54 53 52 39 38
>  87 676 534 366 279 214 136 135 134 133 28 27 26 25 24
>  88 1035 394 350 330 249 207 91 90 89 7 6 5 4 3 2
>  89 1218 1214 1156 1154 1107 1041 1035 1020 1004 928 890 844 799 765 759 754 749 742 741 730 669 664 641 629 608 575 574 530 484 483 480 475 456 439 428 422 411 394 392 370 365 350 343 330 327 264 249 239 230 222 211 209 207 181 180 179 178 177 176 175 174 118 117 116 115 114 113 112 111 104 103 102 101 100 99 98 91 90 89 59 16 12 11 7 6 5 4 3 2
>  90 1156 1035 574 530 439 394 392 350 330 327 264 249 222 207 181 180 179 178 177 176 175 174 91 90 89 59 7 6 5 4 3 2
>  91 1189 1182 1158 1123 1091 1073 1041 1015 987 919 885 865 837 835 824 821 760 759 758 702 676 650 629 611 608 602 599 592 589 586 576 534 525 511 483 465 457 406 366 360 343 337 332 325 323 282 279 272 246 239 223 222 214 211 184 183 182 181 180 179 178 177 176 175 174 136 135 134 133 118 117 116 115 114 113 112 111 65 64 63 62 61 60 59 28 27 26 25 24 16
>  92 1217 1215 1173 1160 1035 868 819 814 788 768 757 695 682 634 595 588 501 474 404 394 350 347 339 330 306 304 299 296 249 247 221 217 207 173 172 171 154 153 152 151 150 149 148 91 90 89 57 56 55 54 53 52 39 38 7 6 5 4 3 2
>  93
>  94 1188 1063 1036 982 968 941 868 852 757 717 700 685 634 606 580 538 442 421 404 373 347 339 306 304 299 296 222 221 217 181 180 179 178 177 176 175 174 173 172 171 170 154 153 152 151 150 149 148 59 57 56 55 54 53 52 39 38
>  95 1204 1196 1194 1155 1145 1105 1095 1083 1054 1046 1035 1028 965 961 934 899 862 771 708 694 681 661 655 653 640 572 558 551 550 540 518 510 508 494 467 455 452 443 434 431 429 396 394 388 384 382 371 351 350 330 273 263 249 236 234 225 224 215 207 191 190 189 188 187 186 185 140 139 138 137 91 90 89 76 75 74 73 72 71 70 69 68 67 66 35 34 33 32 31 7 6 5 4 3 2
>  96 1228 1226 1224 1222 1218 1217 1215 1206 1198 1173 1160 1156 1148 1144 1135 1128 1125 1077 1072 1063 1055 1049 1041 1036 1035 1015 1006 1004 995 990 983 982 976 968 941 939 930 929 925 904 894 872 868 865 861 852 850 849 848 846 844 831 821 819 814 813 799 788 782 773 768 759 757 754 749 746 743 741 738 729 721 720 717 705 702 700 695 685 683 682 676 651 634 632 629 611 608 606 602 599 595 589 588 585 580 576 574 538 534 530 501 498 483 481 480 475 474 471 465 457 442 439 421 414 404 394 392 373 370 368 366 355 353 350 347 345 343 339 332 330 327 325 317 306 304 299 296 284 265 264 249 247 239 228 222 221 217 214 211 207 181 180 179 178 177 176 175 174 173 172 171 154 153 152 151 150 149 148 136 135 134 118 117 116 115 114 113 112 111 91 90 89 59 57 56 55 54 53 52 39 38 29 28 27 26 25 24 16 7 6 5 4 3 2
>  97 1226 1218 1217 1215 1173 1160 1156 1125 1063 1041 1036 1035 1004 990 983 982 968 941 939 930 904 868 861 852 844 819 814 799 788 773 768 759 757 754 749 746 743 741 717 700 695 685 682 634 629 608 606 595 588 580 574 538 530 501 483 480 475 474 471 442 439 421 404 394 392 373 370 353 350 347 343 339 330 327 306 304 299 296 264 249 247 239 222 221 217 211 207 181 180 179 178 177 176 175 174 173 172 171 154 153 152 151 150 149 148 118 117 116 115 114 113 112 111 91 90 89 59 57 56 55 54 53 52 39 38 16 7 6 5 4 3 2
>  98 1088 1035 562 469 394 379 350 330 311 262 249 212 207 126 125 124 123 122 121 120 119 91 90 89 17 7 6 5 4 3 2
>  99 1156 1035 574 530 439 394 392 350 330 327 264 249 222 207 181 180 179 178 177 176 175 174 91 90 89 59 7 6 5 4 3 2
>  100 1214 1169 1154 1107 1089 1035 1020 928 923 890 870 765 745 742 730 696 674 669 664 641 575 484 456 433 428 422 411 394 389 365 350 330 309 297 271 249 240 230 209 207 206 104 103 102 101 100 99 98 91 90 89 88 87 86 85 84 83 82 81 12 11 7 6 5 4 3 2 1
>  101 1035 849 683 676 534 394 366 355 350 345 330 279 249 214 207 136 135 134 133 91 90 89 28 27 26 25 24 7 6 5 4 3 2
>  102 1165 1142 1122 1117 1108 1100 1099 1070 1060 1039 1018 1015 1008 998 993 986 984 971 955 936 889 840 832 825 816 805 801 798 796 790 777 770 762 732 719 718 702 676 670 668 627 624 613 612 599 576 571 569 565 560 554 553 545 544 534 521 513 512 506 492 490 483 478 476 469 454 448 432 420 419 405 391 366 338 336 324 312 311 302 294 290 269 266 251 214 212 211 210 136 135 134 126 125 124 123 122 121 120 119 118 117 116 115 114 113 112 111 110 109 108 107 106 105 29 28 27 26 25 24 17 16 15 14 13
>  103 733 678 677 526 523 402 385 347 304 229 221 208 173 172 171 97 96 95 94 93 92 57 56 55 54 53 52 10 9 8
>  104 1221 1208 1201 1195 1146 1144 1115 1040 1027 1021 1018 1015 1009 957 951 845 842 810 801 796 782 777 776 761 733 732 719 718 713 703 702 688 678 677 676 673 670 632 624 615 603 599 581 568 554 553 552 545 539 526 523 509 506 493 491 483 481 479 473 471 453 448 432 423 402 398 395 385 368 364 363 347 340 338 304 302 282 279 278 229 221 214 211 210 208 173 172 171 136 135 134 133 132 131 118 117 116 115 114 113 112 111 110 109 108 107 106 105 97 96 95 94 93 92 57 56 55 54 53 52 26 25 24 16 15 14 13 10 9 8
>  105 1228 1226 1225 1224 1222 1218 1217 1216 1215 1212 1206 1203 1198 1197 1186 1185 1178 1173 1169 1161 1160 1156 1148 1144 1135 1130 1128 1125 1114 1111 1096 1089 1087 1077 1072 1066 1063 1055 1049 1041 1038 1036 1035 1033 1015 1013 1012 1011 1006 1004 997 995 992 990 983 982 981 979 976 975 974 968 967 960 944 941 939 930 929 927 925 923 917 909 904 901 894 892 883 876 873 872 870 869 868 865 861 852 850 849 848 846 844 833 831 826 821 819 815 814 813 804 799 788 784 782 773 768 759 757 754 749 746 745 743 741 738 737 736 729 721 720 717 709 705 702 700 698 696 695 685 683 682 676 674 659 651 643 634 632 629 620 614 611 608 606 602 599 595 593 590 589 588 587 585 580 578 576 574 538 535 534 530 528 524 505 501 498 483 481 480 477 475 474 471 465 457 447 442 439 433 426 421 414 413 404 394 392 389 387 373 370 368 367 366 355 353 350 349 347 345 343 342 339 332 330 327 325 317 309 308 306 304 299 297 296 289 284 276 271 265 264 249 247 245 240 239 228 222 221 217 214 211 207 206 181 180 179 178 177 176 175 174 173 172 171 154 153 152 151 150 149 148 136 135 134 118 117 116 115 114 113 112 111 91 90 89 88 87 86 85 84 83 82 81 59 57 56 55 54 53 52 39 38 29 28 27 26 25 24 16 7 6 5 4 3 2 1
>  106 1134 1015 871 810 702 676 599 576 539 534 493 483 423 398 366 282 279 278 214 211 136 135 134 133 132 131 118 117 116 115 114 113 112 111 28 27 26 25 24 16
>  107 978 943 619 536 469 399 393 347 314 311 304 250 221 212 173 172 171 170 126 125 124 123 122 121 120 119 56 55 54 53 52 17
>  108 1214 1169 1154 1107 1089 1035 1020 928 923 890 870 765 745 742 730 696 674 669 664 641 575 484 456 433 428 422 411 394 389 365 350 330 309 297 271 249 240 230 209 207 206 104 103 102 101 100 99 98 91 90 89 88 87 86 85 84 83 82 81 12 11 7 6 5 4 3 2 1
>  109 1184 1168 1155 1153 1142 1136 1108 1100 1099 1080 1060 1054 1050 1039 1015 1008 986 980 971 970 965 958 955 950 936 934 889 886 882 864 862 851 816 812 798 780 770 756 748 740 734 723 702 701 693 676 665 661 645 630 623 613 599 596 594 576 571 561 560 551 550 544 534 521 520 513 510 502 497 492 490 483 478 476 469 458 455 452 449 429 419 412 390 388 384 366 358 354 351 336 312 311 294 290 285 282 281 279 275 269 266 263 258 251 243 224 215 214 212 211 187 186 185 140 139 138 137 136 135 134 133 126 125 124 123 122 121 120 119 118 117 116 115 114 113 112 111 71 70 69 68 67 66 35 34 33 32 31 28 27 26 25 24 17 16
>  110 1214 1156 1154 1139 1118 1107 1088 1035 1020 1016 996 947 928 907 890 765 742 731 730 699 669 664 652 641 575 574 562 530 484 469 460 456 445 439 430 428 422 411 408 400 394 392 379 365 352 350 330 327 311 264 262 249 230 222 212 209 207 181 180 179 178 177 176 175 174 126 125 124 123 122 121 120 119 104 103 102 101 100 99 98 91 90 89 59 17 12 11 7 6 5 4 3 2
>  111 1155 1054 965 934 862 661 551 550 510 455 452 429 388 384 351 263 224 215 187 186 185 140 139 138 137 71 70 69 68 67 66 35 34 33 32 31
>  112 1221 1208 1188 1139 1122 1118 1063 1036 1029 1016 1005 998 984 982 978 973 968 957 943 941 940 868 852 845 840 832 805 778 776 766 757 731 717 700 699 688 685 668 652 634 627 619 617 615 612 606 580 569 565 557 553 549 538 536 515 509 473 469 460 454 453 445 442 430 421 420 417 410 408 405 404 400 399 395 393 391 373 352 348 347 340 339 314 311 306 304 299 296 291 250 222 221 217 212 210 181 180 179 178 177 176 175 174 173 172 171 170 154 153 152 151 150 149 148 126 125 124 123 122 121 120 119 110 109 108 107 106 105 59 57 56 55 54 53 52 39 38 17 15 14 13
>  113 1228 1226 1225 1224 1222 1218 1217 1216 1215 1212 1206 1203 1198 1197 1186 1185 1178 1173 1169 1161 1160 1156 1148 1144 1135 1130 1128 1125 1114 1111 1096 1089 1087 1077 1072 1066 1063 1055 1049 1041 1038 1036 1035 1033 1015 1013 1012 1011 1006 1004 997 995 992 990 983 982 981 979 976 975 974 968 967 960 944 941 939 930 929 927 925 923 917 909 904 901 894 892 883 876 873 872 870 869 868 865 861 852 850 849 848 846 844 833 831 826 821 819 815 814 813 804 799 788 784 782 773 768 759 757 754 749 746 745 743 741 738 737 736 729 721 720 717 709 705 702 700 698 696 695 685 683 682 676 674 659 651 643 634 632 629 620 614 611 608 606 602 599 595 593 590 589 588 587 585 580 578 576 574 538 535 534 530 528 524 505 501 498 483 481 480 477 475 474 471 465 457 447 442 439 433 426 421 414 413 404 394 392 389 387 373 370 368 367 366 355 353 350 349 347 345 343 342 339 332 330 327 325 317 309 308 306 304 299 297 296 289 284 276 271 265 264 249 247 245 240 239 228 222 221 217 214 211 207 206 181 180 179 178 177 176 175 174 173 172 171 154 153 152 151 150 149 148 136 135 134 118 117 116 115 114 113 112 111 91 90 89 88 87 86 85 84 83 82 81 59 57 56 55 54 53 52 39 38 29 28 27 26 25 24 16 7 6 5 4 3 2 1
>  114 1088 1035 562 469 394 379 350 330 311 262 249 212 207 126 125 124 123 122 121 120 119 91 90 89 17 7 6 5 4 3 2
>  115 1199 1002 704 676 633 534 486 470 366 260 237 216 214 147 146 145 144 143 142 141 136 135 134 37 36 29 28 27 26 25 24
>  116 1169 1089 1035 923 870 806 745 725 696 674 626 607 537 523 466 433 394 389 369 356 350 330 310 309 297 271 249 240 208 207 206 97 96 95 94 93 92 91 90 89 88 87 86 85 84 83 82 81 10 9 8 7 6 5 4 3 2 1
>  117 1035 1004 844 799 754 483 480 475 394 370 350 330 249 211 207 118 117 116 115 114 113 112 111 91 90 89 16 7 6 5 4 3 2
>  118 523 208 97 96 95 94 93 92 10 9 8
>  119 1204 1196 1194 1149 1102 1083 1061 1049 1035 1028 1026 1015 1009 1004 921 849 844 806 799 779 754 725 713 708 707 706 703 702 683 676 673 658 626 607 605 601 599 581 576 568 552 537 534 527 523 491 483 480 475 468 467 466 446 396 394 371 370 369 366 364 363 356 355 350 345 330 315 310 280 273 249 248 242 236 225 214 211 208 207 191 190 189 188 136 135 134 118 117 116 115 114 113 112 111 97 96 95 94 93 92 91 90 89 76 75 74 73 72 29 28 27 26 25 24 16 10 9 8 7 6 5 4 3 2
>  120 1214 1172 1154 1107 1103 1098 1035 1020 1004 928 890 844 799 792 765 754 742 730 727 684 672 669 664 644 641 575 570 500 499 484 483 480 475 456 450 428 425 422 415 411 394 370 365 362 350 330 322 313 292 274 256 249 230 216 211 209 207 147 146 145 144 143 142 141 118 117 116 115 114 113 112 111 104 103 102 101 100 99 98 91 90 89 37 36 16 12 11 7 6 5 4 3 2
>  121 523 208 97 96 95 94 93 92 10 9 8
>  122 1156 1139 1118 1088 1035 1016 996 947 907 731 699 652 574 562 530 469 460 445 439 430 408 400 394 392 379 352 350 330 327 311 264 262 249 222 212 207 181 180 179 178 177 176 175 174 126 125 124 123 122 121 120 119 91 90 89 59 17 7 6 5 4 3 2
>  123 1200 1183 1169 1164 1155 1153 1150 1145 1137 1120 1105 1101 1100 1099 1095 1089 1088 1073 1068 1064 1060 1054 1050 1046 1035 1024 1008 1004 986 967 965 961 956 944 935 934 923 918 908 906 899 889 886 883 882 870 869 867 866 862 854 851 844 799 798 772 771 770 754 748 745 734 714 696 694 693 687 681 674 667 661 655 654 653 650 640 638 636 630 623 613 591 572 571 562 561 559 558 551 550 546 540 525 522 521 520 518 513 510 508 503 502 494 490 483 480 477 475 469 455 452 443 434 433 431 429 426 419 412 406 403 394 389 388 386 384 382 379 372 370 354 351 350 336 330 312 311 309 303 297 290 285 275 272 271 267 263 262 261 254 249 246 245 240 234 224 223 215 212 211 207 206 187 186 185 184 183 182 140 139 138 137 126 125 124 123 122 121 120 119 118 117 116 115 114 113 112 111 91 90 89 88 87 86 85 84 83 82 81 71 70 69 68 67 66 65 64 63 62 61 60 35 34 33 32 31 17 16 7 6 5 4 3 2 1
>  124 1156 1129 1078 1065 1035 1034 1019 953 926 860 811 808 789 697 584 574 530 516 451 439 394 392 380 350 330 327 320 264 257 249 222 213 207 181 180 179 178 177 176 175 174 130 129 128 91 90 89 59 23 22 21 20 19 18 7 6 5 4 3 2
>  125 1199 1171 1131 1067 1002 878 786 785 712 704 676 649 647 633 597 534 519 486 470 461 366 305 293 279 268 260 237 227 216 214 205 204 203 202 201 200 199 198 147 146 145 144 143 142 141 136 135 134 133 80 37 36 28 27 26 25 24
>  126 1088 1035 562 469 394 379 350 330 311 262 249 212 207 126 125 124 123 122 121 120 119 91 90 89 17 7 6 5 4 3 2
>  127 1160 1035 695 394 350 347 330 304 249 247 221 207 173 172 171 91 90 89 57 56 55 54 53 52 7 6 5 4 3 2
>  128 1035 806 725 626 607 537 523 466 394 369 356 350 330 310 249 208 207 97 96 95 94 93 92 91 90 89 10 9 8 7 6 5 4 3 2
>  129 1218 1207 1206 1200 1189 1183 1182 1158 1156 1150 1126 1123 1097 1091 1073 1068 1049 1045 1041 1035 1015 1006 1004 1001 987 976 932 925 919 908 885 865 849 848 844 837 835 824 821 799 760 759 758 754 749 741 720 702 683 676 667 650 629 611 608 602 599 592 591 589 586 576 574 559 534 530 525 511 483 480 475 465 457 439 406 394 392 370 366 360 355 350 345 343 337 332 330 327 325 323 303 282 279 272 264 249 246 239 223 222 214 211 207 184 183 182 181 180 179 178 177 176 175 174 136 135 134 133 118 117 116 115 114 113 112 111 91 90 89 65 64 63 62 61 60 59 29 28 27 26 25 24 16 7 6 5 4 3 2
>  130
>  131 1156 1035 857 691 644 574 533 530 500 487 463 444 439 394 392 362 350 346 330 327 322 292 274 264 249 222 216 207 181 180 179 178 177 176 175 174 147 146 145 144 143 142 141 91 90 89 59 37 36 7 6 5 4 3 2
>  132 1156 1035 574 530 439 394 392 350 330 327 264 249 222 207 181 180 179 178 177 176 175 174 91 90 89 59 7 6 5 4 3 2
>  133 1149 1035 1026 1009 1004 844 806 799 754 725 713 703 673 626 607 581 568 552 537 523 491 483 480 475 466 394 370 369 364 363 356 350 330 310 249 211 208 207 118 117 116 115 114 113 112 111 97 96 95 94 93 92 91 90 89 16 10 9 8 7 6 5 4 3 2
>  134 1155 1054 965 934 862 661 551 550 510 455 452 429 388 384 351 263 224 215 187 186 185 140 139 138 137 71 70 69 68 67 66 35 34 33 32 31
>  135 1216 1210 1203 1192 1190 1176 1159 1113 1096 1066 1038 1037 1013 1012 966 951 933 931 903 898 892 879 841 825 821 795 777 766 736 709 698 696 676 674 670 659 643 617 611 603 602 593 589 557 553 548 545 542 534 512 506 504 465 464 457 447 438 433 413 410 367 366 349 348 332 325 309 308 302 289 279 240 238 222 214 210 206 181 180 179 178 177 176 175 174 136 135 134 133 110 109 108 107 106 105 88 87 86 85 84 83 82 81 59 28 27 26 25 24 15 14 13 1
>  136 1169 1137 1120 1089 1088 1065 1035 1034 1019 935 923 911 870 866 854 811 789 772 745 714 696 674 636 584 562 546 522 516 482 469 451 433 418 403 394 389 379 350 330 320 311 309 301 297 271 262 261 257 249 240 213 212 207 206 130 129 128 126 125 124 123 122 121 120 119 91 90 89 88 87 86 85 84 83 82 81 23 22 21 20 19 18 17 7 6 5 4 3 2 1
>  137 1170 1156 1105 1095 1054 1046 1035 934 922 920 771 694 681 661 657 640 574 572 563 558 551 530 529 494 455 452 439 434 394 392 382 376 351 350 330 327 295 264 263 249 222 215 207 181 180 179 178 177 176 175 174 140 139 138 137 91 90 89 59 35 34 33 32 31 7 6 5 4 3 2
>  138 1035 1004 844 799 754 483 480 475 394 370 350 330 249 211 207 118 117 116 115 114 113 112 111 91 90 89 16 7 6 5 4 3 2
>  139 1204 1200 1196 1194 1183 1150 1110 1105 1095 1083 1068 1054 1046 1035 1028 934 828 771 753 708 694 681 667 661 650 640 591 572 559 558 551 525 494 489 467 455 452 440 434 396 394 382 371 351 350 333 330 303 273 272 263 249 236 225 223 215 207 191 190 189 188 184 183 182 140 139 138 137 91 90 89 76 75 74 73 72 65 64 63 62 61 60 35 34 33 32 31 7 6 5 4 3 2
>  140 1156 1035 1007 726 690 574 530 488 441 439 394 392 350 330 327 286 264 249 222 219 207 181 180 179 178 177 176 175 174 167 166 165 164 163 162 91 90 89 59 44 43 42 7 6 5 4 3 2
>  141 1054 934 661 650 551 525 455 452 351 272 263 223 215 184 183 182 140 139 138 137 65 64 63 62 61 60 35 34 33 32 31
>  142 1186 1169 1161 1156 1114 1111 1089 1038 1035 1012 997 923 870 784 745 709 696 674 659 574 530 447 439 433 413 394 392 389 350 349 330 327 309 297 271 264 249 240 222 207 206 181 180 179 178 177 176 175 174 91 90 89 88 87 86 85 84 83 82 81 59 7 6 5 4 3 2 1
>  143 1226 1217 1215 1173 1160 1156 1125 1063 1036 1035 983 982 968 941 868 861 852 819 814 788 768 757 746 743 717 700 695 685 682 634 606 595 588 580 574 538 530 501 474 442 439 421 404 394 392 373 350 347 339 330 327 306 304 299 296 264 249 247 222 221 217 207 181 180 179 178 177 176 175 174 173 172 171 154 153 152 151 150 149 148 91 90 89 59 57 56 55 54 53 52 39 38 7 6 5 4 3 2
>  144 523 208 97 96 95 94 93 92 10 9 8
>  145 1227 1223 1176 1168 1165 1157 1142 1140 1139 1133 1122 1118 1117 1113 1108 1100 1099 1080 1071 1070 1060 1048 1047 1041 1039 1027 1018 1016 1015 1008 998 993 986 984 971 970 958 955 951 950 936 912 902 889 888 886 882 880 874 865 853 851 841 840 838 832 825 821 816 805 801 798 796 790 777 770 766 763 762 759 734 732 731 723 719 718 702 701 699 676 671 670 668 666 665 652 645 630 629 627 624 623 617 613 612 611 608 603 602 599 596 594 589 576 571 569 565 561 560 557 554 553 545 544 534 521 520 513 512 510 506 502 497 492 490 483 478 476 469 465 460 457 454 448 445 435 432 430 420 419 410 408 405 400 391 390 388 366 358 354 352 348 343 338 336 332 325 312 311 302 294 290 285 282 279 277 269 266 258 251 239 224 222 214 212 211 210 187 186 185 181 180 179 178 177 176 175 174 136 135 134 133 126 125 124 123 122 121 120 119 118 117 116 115 114 113 112 111 110 109 108 107 106 105 71 70 69 68 67 66 59 28 27 26 25 24 17 16 15 14 13
>  146 1217 1215 1156 1125 1035 982 968 861 852 819 788 768 746 717 700 685 682 634 595 588 580 574 530 501 474 439 394 392 373 350 330 327 264 249 222 217 207 181 180 179 178 177 176 175 174 154 153 152 151 150 149 148 91 90 89 59 39 38 7 6 5 4 3 2
>  147 1195 1144 1015 810 782 702 676 632 599 539 493 483 481 479 471 423 398 368 347 304 282 279 278 221 214 211 173 172 171 136 135 134 133 132 131 118 117 116 115 114 113 112 111 57 56 55 54 53 52 26 25 24 16
>  148 1184 1170 1168 1155 1153 1152 1141 1140 1136 1133 1094 1080 1054 1050 1047 1041 1015 980 970 965 958 950 934 922 920 865 864 862 855 853 851 838 834 821 812 783 780 763 759 756 748 740 734 723 702 701 693 676 671 666 661 657 645 630 629 623 611 608 602 599 596 589 576 563 551 550 534 529 510 497 483 465 458 457 455 452 449 435 429 412 390 388 384 376 366 358 351 343 332 325 295 282 281 279 277 275 263 258 243 239 224 222 215 214 211 187 186 185 181 180 179 178 177 176 175 174 140 139 138 137 136 135 134 133 118 117 116 115 114 113 112 111 71 70 69 68 67 66 59 35 34 33 32 31 28 27 26 25 24 16
>  149 1214 1154 1107 1035 1020 1007 928 890 765 742 730 726 690 669 664 641 575 488 484 456 441 428 422 411 394 365 350 330 286 249 230 219 209 207 167 166 165 164 163 162 104 103 102 101 100 99 98 91 90 89 44 43 42 12 11 7 6 5 4 3 2
>  150 1154 1020 696 674 669 641 484 433 411 309 240 209 206 104 103 102 101 100 99 98 88 87 86 85 84 83 82 81 12 11 1
>  151 1227 1223 1195 1157 1144 1142 1139 1135 1118 1108 1100 1099 1071 1063 1060 1048 1041 1039 1036 1016 1015 1008 986 978 971 955 943 936 912 902 889 888 880 874 865 831 821 816 813 798 782 770 759 731 721 702 699 676 665 652 632 629 619 613 611 608 606 602 599 594 589 576 571 560 544 538 536 534 521 513 492 490 483 481 479 478 476 471 469 465 460 457 445 442 430 421 419 408 400 399 393 368 366 352 347 343 336 332 325 314 312 311 304 294 290 282 279 269 266 251 250 239 222 221 214 212 211 181 180 179 178 177 176 175 174 173 172 171 136 135 134 133 126 125 124 123 122 121 120 119 118 117 116 115 114 113 112 111 59 57 56 55 54 53 52 28 27 26 25 24 17 16
>  152 1217 1215 1173 1160 1035 868 819 814 788 768 757 695 682 634 595 588 501 474 404 394 350 347 339 330 306 304 299 296 249 247 221 217 207 173 172 171 154 153 152 151 150 149 148 91 90 89 57 56 55 54 53 52 39 38 7 6 5 4 3 2
>  153 1221 1208 1201 1195 1179 1176 1146 1144 1135 1134 1115 1113 1063 1041 1040 1036 1029 1027 1021 1018 1015 993 963 957 951 945 875 871 865 845 842 841 836 831 825 821 820 813 810 801 796 790 782 777 776 766 764 761 759 732 721 719 718 702 688 676 670 635 632 629 624 617 615 611 608 606 603 602 599 589 576 557 554 553 545 539 538 534 512 509 506 493 485 483 481 479 473 471 465 457 453 448 442 432 423 421 410 409 398 395 368 366 348 347 343 340 338 332 325 304 302 288 282 279 278 239 222 221 214 211 210 181 180 179 178 177 176 175 174 173 172 171 170 136 135 134 133 132 131 118 117 116 115 114 113 112 111 110 109 108 107 106 105 59 58 57 56 55 54 53 52 28 27 26 25 24 16 15 14 13
>  154 1035 394 350 330 249 207 91 90 89 7 6 5 4 3 2
>  155 951 825 777 676 670 603 553 545 534 512 506 366 302 279 214 210 136 135 134 133 110 109 108 107 106 105 28 27 26 25 24 15 14 13
>  156 1206 1041 1015 925 865 848 821 759 720 702 676 629 611 608 602 599 589 576 534 483 465 457 366 343 332 325 239 222 214 211 181 180 179 178 177 176 175 174 136 135 134 118 117 116 115 114 113 112 111 59 29 28 27 26 25 24 16
>  157 1035 394 350 330 249 207 91 90 89 7 6 5 4 3 2
>  158 1035 394 350 330 249 207 91 90 89 7 6 5 4 3 2
>  159 1200 1183 1150 1068 1035 667 650 591 559 525 394 350 330 303 272 249 223 207 184 183 182 91 90 89 65 64 63 62 61 60 7 6 5 4 3 2
>  160 1035 644 500 394 362 350 330 322 292 274 249 216 207 147 146 145 144 143 142 141 91 90 89 37 36 7 6 5 4 3 2
>  161 1169 1089 1035 1007 1004 967 944 923 883 870 869 844 799 754 745 726 696 690 674 488 483 480 477 475 441 433 426 394 389 370 350 330 309 297 286 271 249 245 240 219 211 207 206 167 166 165 164 163 162 118 117 116 115 114 113 112 111 91 90 89 88 87 86 85 84 83 82 81 44 43 42 16 7 6 5 4 3 2 1
>  162
>  163 1207 1200 1199 1183 1150 1147 1123 1068 1035 1002 989 964 849 837 785 758 704 683 676 667 650 648 644 633 592 591 586 564 559 547 534 532 525 500 486 470 407 394 383 366 362 355 350 345 330 322 303 292 279 274 272 268 260 249 237 223 216 214 207 184 183 182 147 146 145 144 143 142 141 136 135 134 133 91 90 89 65 64 63 62 61 60 37 36 28 27 26 25 24 7 6 5 4 3 2
>  164
>  165 523 208 97 96 95 94 93 92 10 9 8
>  166 1145 1035 961 899 655 653 540 518 510 508 443 431 394 388 350 330 249 234 224 207 187 186 185 91 90 89 71 70 69 68 67 66 7 6 5 4 3 2
>  167 1226 1206 1160 1156 1144 1135 1063 1055 1036 1035 1006 983 976 872 849 848 831 821 743 720 695 683 676 632 611 606 602 589 574 538 534 530 481 465 457 442 439 421 394 392 368 366 355 350 347 345 332 330 327 325 304 284 265 264 249 247 222 221 214 207 181 180 179 178 177 176 175 174 173 172 171 170 136 135 134 91 90 89 59 56 55 54 53 52 29 28 27 26 25 24 7 6 5 4 3 2
>  168 1216 1197 1169 1145 1096 1089 1080 1035 1011 970 961 950 923 899 892 870 745 737 736 723 698 696 683 676 674 655 653 645 643 620 596 593 540 534 518 510 508 497 443 433 431 394 390 389 388 367 366 358 355 350 345 330 309 308 297 289 271 258 249 240 234 224 214 207 206 187 186 185 136 135 91 90 89 88 87 86 85 84 83 82 81 71 70 69 68 67 66 30 29 28 27 26 25 24 7 6 5 4 3 2 1
>  169 676 534 366 279 214 136 135 134 133 28 27 26 25 24
>  170 553 210 110 109 108 107 106 105 15 14 13
>  171 1214 1156 1154 1107 1035 1020 928 890 765 742 730 669 664 641 575 574 530 484 456 439 428 422 411 394 392 365 350 330 327 264 249 230 222 209 207 181 180 179 178 177 176 175 174 104 103 102 101 100 99 98 91 90 89 59 12 11 7 6 5 4 3 2
>  172 1221 1208 1188 1139 1122 1118 1063 1036 1029 1016 1005 998 984 982 978 973 968 957 943 941 940 868 852 845 840 832 805 778 776 766 757 731 717 700 699 688 685 668 652 634 627 619 617 615 612 606 580 569 565 557 553 549 538 536 515 509 473 469 460 454 453 445 442 430 421 420 417 410 408 405 404 400 399 395 393 391 373 352 348 347 340 339 314 311 306 304 299 296 291 250 222 221 217 212 210 181 180 179 178 177 176 175 174 173 172 171 170 154 153 152 151 150 149 148 126 125 124 123 122 121 120 119 110 109 108 107 106 105 59 57 56 55 54 53 52 39 38 17 15 14 13
>  173 1224 1206 1148 995 982 968 852 848 846 821 738 729 720 717 700 685 676 651 634 611 602 589 585 580 534 498 465 457 414 373 366 332 325 317 228 222 217 214 181 180 179 178 177 176 175 174 154 153 152 151 150 149 148 136 135 134 59 39 38 29 28 27 26 25 24
>  174 1200 1183 1150 1073 1068 1065 1035 1034 1019 1004 952 948 908 844 811 799 789 754 744 667 650 621 591 584 559 525 516 507 483 480 475 451 427 424 406 394 370 350 330 320 303 272 270 259 257 255 249 246 241 223 213 211 207 184 183 182 130 129 128 118 117 116 115 114 113 112 111 91 90 89 65 64 63 62 61 60 23 22 21 20 19 18 16 7 6 5 4 3 2
>  175 1149 1035 1026 1009 1004 844 806 799 754 725 713 703 673 626 607 581 568 552 537 523 491 483 480 475 466 394 370 369 364 363 356 350 330 310 249 211 208 207 118 117 116 115 114 113 112 111 97 96 95 94 93 92 91 90 89 16 10 9 8 7 6 5 4 3 2
>  176 1199 1147 1035 1002 849 785 704 683 676 644 633 534 500 486 470 394 366 362 355 350 345 330 322 292 279 274 268 260 249 237 216 214 207 147 146 145 144 143 142 141 136 135 134 133 91 90 89 37 36 28 27 26 25 24 7 6 5 4 3 2
>  177 1221 1208 1206 1201 1195 1179 1176 1146 1144 1135 1121 1115 1113 1063 1055 1041 1040 1036 1029 1027 1021 1018 1015 993 963 957 951 925 875 872 865 848 845 842 841 831 825 821 820 813 801 797 796 790 782 777 776 766 761 759 732 721 720 719 718 702 688 676 670 632 629 624 617 615 611 608 606 603 602 599 589 576 557 554 553 545 538 534 512 509 506 483 481 479 473 471 465 457 453 448 442 432 421 410 409 395 368 366 348 347 343 340 338 332 325 304 302 284 282 279 265 239 222 221 214 211 210 181 180 179 178 177 176 175 174 173 172 171 170 136 135 134 133 118 117 116 115 114 113 112 111 110 109 108 107 106 105 59 57 56 55 54 53 52 30 29 28 27 26 25 24 16 15 14 13
>  178 523 469 311 212 208 126 125 124 123 122 121 120 119 97 96 95 94 93 92 17 10 9 8
>  179 1035 1007 726 690 488 441 394 350 330 286 249 219 207 167 166 165 164 163 162 91 90 89 44 43 42 7 6 5 4 3 2
>  180 1156 1035 574 530 439 394 392 350 330 327 264 249 222 207 181 180 179 178 177 176 175 174 91 90 89 59 7 6 5 4 3 2
>  181 1064 906 867 687 654 650 638 525 503 469 386 374 372 311 272 267 254 223 218 212 184 183 182 161 160 159 158 157 156 155 126 125 124 123 122 121 120 119 65 64 63 62 61 60 41 40 17
>  182 1181 1156 1086 1044 1035 1017 856 839 829 806 802 767 725 715 711 692 626 607 598 583 574 537 530 523 466 439 394 392 377 369 356 350 344 331 330 327 310 264 249 222 208 207 181 180 179 178 177 176 175 174 97 96 95 94 93 92 91 90 89 59 10 9 8 7 6 5 4 3 2
>  183 1188 1063 1036 982 968 941 868 852 757 717 700 685 634 606 580 538 442 421 404 373 347 339 306 304 299 296 222 221 217 181 180 179 178 177 176 175 174 173 172 171 170 154 153 152 151 150 149 148 59 57 56 55 54 53 52 39 38
>  184 1214 1210 1192 1190 1187 1186 1174 1169 1161 1156 1154 1124 1114 1111 1107 1089 1038 1035 1020 1012 997 966 933 931 928 923 903 898 896 890 870 803 795 784 774 766 765 745 742 730 728 709 696 686 674 669 664 659 641 617 575 574 557 553 548 542 530 504 484 464 456 447 439 438 433 428 422 413 411 410 394 392 389 378 365 361 350 349 348 330 328 327 309 297 287 271 264 249 240 238 230 222 210 209 207 206 181 180 179 178 177 176 175 174 110 109 108 107 106 105 104 103 102 101 100 99 98 91 90 89 88 87 86 85 84 83 82 81 59 15 14 13 12 11 7 6 5 4 3 2 1
>  185 1189 1182 1158 1123 1091 1073 1041 1015 987 919 885 865 837 835 824 821 760 759 758 702 676 650 629 611 608 602 599 592 589 586 576 534 525 511 483 465 457 406 366 360 343 337 332 325 323 282 279 272 246 239 223 222 214 211 184 183 182 181 180 179 178 177 176 175 174 136 135 134 133 118 117 116 115 114 113 112 111 65 64 63 62 61 60 59 28 27 26 25 24 16
>  186 1144 1015 782 721 702 676 632 599 576 534 483 481 471 368 366 347 304 284 265 221 214 211 173 172 171 136 135 134 118 117 116 115 114 113 112 111 57 56 55 54 53 52 29 28 27 26 25 24 16
>  187 1108 971 676 560 544 534 492 478 476 469 366 324 311 294 269 266 251 214 212 136 135 134 126 125 124 123 122 121 120 119 29 28 27 26 25 24 17
>  188 1169 1089 1065 1035 1034 1019 1004 967 952 948 944 923 911 883 870 869 844 811 799 789 754 745 744 696 674 621 584 516 507 483 482 480 477 475 451 433 427 426 424 418 394 389 370 350 330 320 309 301 297 271 270 259 257 255 249 245 241 240 213 211 207 206 130 129 128 118 117 116 115 114 113 112 111 91 90 89 88 87 86 85 84 83 82 81 23 22 21 20 19 18 16 7 6 5 4 3 2 1
>  189 1217 1215 1173 1160 1035 868 819 814 788 768 757 695 682 634 595 588 501 474 404 394 350 347 339 330 306 304 299 296 249 247 221 217 207 173 172 171 154 153 152 151 150 149 148 91 90 89 57 56 55 54 53 52 39 38 7 6 5 4 3 2
>  190 1035 394 350 330 249 207 91 90 89 7 6 5 4 3 2
>  191 1169 1137 1120 1089 1088 1075 1035 942 935 923 870 866 854 806 775 772 745 725 714 696 674 644 637 636 626 607 562 555 546 537 531 523 522 500 469 466 433 403 394 389 379 369 362 357 356 350 330 329 322 311 310 309 297 292 274 271 262 261 249 240 216 212 208 207 206 147 146 145 144 143 142 141 126 125 124 123 122 121 120 119 97 96 95 94 93 92 91 90 89 88 87 86 85 84 83 82 81 37 36 17 10 9 8 7 6 5 4 3 2 1
>  192 1156 1139 1118 1088 1035 1016 1007 996 947 907 731 726 699 690 652 574 562 530 488 469 460 445 441 439 430 408 400 394 392 379 352 350 330 327 311 286 264 262 249 222 219 212 207 181 180 179 178 177 176 175 174 167 166 165 164 163 162 126 125 124 123 122 121 120 119 91 90 89 59 44 43 42 17 7 6 5 4 3 2
>  193
>  194 1228 1226 1225 1224 1222 1218 1217 1216 1215 1212 1206 1203 1198 1197 1186 1185 1178 1173 1169 1161 1160 1156 1148 1144 1135 1130 1128 1125 1114 1111 1096 1089 1087 1077 1072 1066 1063 1055 1049 1041 1038 1036 1035 1033 1015 1013 1012 1011 1006 1004 997 995 992 990 983 982 981 979 976 975 974 968 967 960 944 941 939 930 929 927 925 923 917 909 904 901 894 892 883 876 873 872 870 869 868 865 861 852 850 849 848 846 844 833 831 826 821 819 815 814 813 804 799 788 784 782 773 768 759 757 754 749 746 745 743 741 738 737 736 729 721 720 717 709 705 702 700 698 696 695 685 683 682 676 674 659 651 643 634 632 629 620 614 611 608 606 602 599 595 593 590 589 588 587 585 580 578 576 574 538 535 534 530 528 524 505 501 498 483 481 480 477 475 474 471 465 457 447 442 439 433 426 421 414 413 404 394 392 389 387 373 370 368 367 366 355 353 350 349 347 345 343 342 339 332 330 327 325 317 309 308 306 304 299 297 296 289 284 276 271 265 264 249 247 245 240 239 228 222 221 217 214 211 207 206 181 180 179 178 177 176 175 174 173 172 171 154 153 152 151 150 149 148 136 135 134 118 117 116 115 114 113 112 111 91 90 89 88 87 86 85 84 83 82 81 59 57 56 55 54 53 52 39 38 29 28 27 26 25 24 16 7 6 5 4 3 2 1
>  195 634 523 217 208 154 153 152 151 150 149 148 97 96 95 94 93 92 39 38 10 9 8
>  196 1217 1215 1035 819 788 768 682 634 595 588 501 474 394 350 330 249 217 207 154 153 152 151 150 149 148 91 90 89 39 38 7 6 5 4 3 2
>  197 1226 1217 1215 1173 1160 1156 1125 1063 1036 1035 983 982 968 941 868 861 852 819 814 788 768 757 746 743 717 700 695 685 682 634 606 595 588 580 574 538 530 501 474 442 439 421 404 394 392 373 350 347 339 330 327 306 304 299 296 264 249 247 222 221 217 207 181 180 179 178 177 176 175 174 173 172 171 154 153 152 151 150 149 148 91 90 89 59 57 56 55 54 53 52 39 38 7 6 5 4 3 2
>  198 213 130 129 128 23 22 21 20 19 18
>  199 982 968 852 717 700 685 634 580 373 222 217 181 180 179 178 177 176 175 174 154 153 152 151 150 149 148 59 39 38
>  200 1171 1131 1123 1067 878 837 786 758 712 676 650 649 647 597 592 586 534 525 519 461 366 305 293 272 227 223 214 205 204 203 202 201 200 199 198 184 183 182 136 135 134 80 65 64 63 62 61 60 29 28 27 26 25 24
>  201 1216 1197 1169 1096 1089 1035 1011 923 892 870 849 745 737 736 698 696 683 676 674 643 620 593 534 433 394 389 367 366 355 350 345 330 309 308 297 289 271 249 240 214 207 206 136 135 134 91 90 89 88 87 86 85 84 83 82 81 29 28 27 26 25 24 7 6 5 4 3 2 1
>  202 1154 1054 1020 934 696 674 669 661 641 551 484 455 452 433 411 351 309 263 240 215 209 206 140 139 138 137 104 103 102 101 100 99 98 88 87 86 85 84 83 82 81 35 34 33 32 31 12 11 1
>  203 1188 1139 1118 1063 1036 1016 982 978 973 968 943 941 868 852 757 731 717 700 699 685 652 634 619 606 580 538 536 469 460 445 442 430 421 408 404 400 399 393 373 352 347 339 314 311 306 304 299 296 291 250 222 221 217 212 181 180 179 178 177 176 175 174 173 172 171 170 154 153 152 151 150 149 148 126 125 124 123 122 121 120 119 59 57 56 55 54 53 52 39 38 17
>  204 1226 1217 1215 1173 1160 1156 1125 1063 1036 1035 983 982 968 941 868 861 852 819 814 788 768 757 746 743 717 700 695 685 682 634 606 595 588 580 574 538 530 501 474 442 439 421 404 394 392 373 350 347 339 330 327 306 304 299 296 264 249 247 222 221 217 207 181 180 179 178 177 176 175 174 173 172 171 154 153 152 151 150 149 148 91 90 89 59 57 56 55 54 53 52 39 38 7 6 5 4 3 2
>  205 1035 394 350 330 249 207 91 90 89 7 6 5 4 3 2
>  206 1228 1226 1224 1222 1218 1217 1215 1206 1198 1173 1160 1156 1148 1144 1135 1128 1125 1077 1072 1063 1055 1049 1041 1036 1035 1015 1006 1004 995 990 983 982 976 968 941 939 930 929 925 904 894 872 868 865 861 852 850 849 848 846 844 831 821 819 814 813 799 788 782 773 768 759 757 754 749 746 743 741 738 729 721 720 717 705 702 700 695 685 683 682 676 651 634 632 629 611 608 606 602 599 595 589 588 585 580 576 574 538 534 530 501 498 483 481 480 475 474 471 465 457 442 439 421 414 404 394 392 373 370 368 366 355 353 350 347 345 343 339 332 330 327 325 317 306 304 299 296 284 265 264 249 247 239 228 222 221 217 214 211 207 181 180 179 178 177 176 175 174 173 172 171 154 153 152 151 150 149 148 136 135 134 118 117 116 115 114 113 112 111 91 90 89 59 57 56 55 54 53 52 39 38 29 28 27 26 25 24 16 7 6 5 4 3 2
>  207 1035 394 350 330 249 207 91 90 89 7 6 5 4 3 2
>  208 1170 1154 1054 1038 1020 1012 934 922 920 709 696 674 669 661 659 657 641 563 551 529 484 455 452 447 433 413 411 376 351 349 309 295 263 240 222 215 209 206 181 180 179 178 177 176 175 174 140 139 138 137 104 103 102 101 100 99 98 88 87 86 85 84 83 82 81 59 35 34 33 32 31 12 11 1
>  209 1035 394 350 330 249 207 91 90 89 7 6 5 4 3 2
>  210 1228 1226 1225 1224 1222 1218 1217 1216 1215 1212 1206 1203 1198 1197 1186 1185 1178 1173 1169 1161 1160 1156 1148 1144 1135 1130 1128 1125 1114 1111 1096 1089 1087 1077 1072 1066 1063 1055 1049 1041 1038 1036 1035 1033 1015 1013 1012 1011 1006 1004 997 995 992 990 983 982 981 979 976 975 974 968 967 960 944 941 939 930 929 927 925 923 917 909 904 901 894 892 883 876 873 872 870 869 868 865 861 852 850 849 848 846 844 833 831 826 821 819 815 814 813 804 799 788 784 782 773 768 759 757 754 749 746 745 743 741 738 737 736 729 721 720 717 709 705 702 700 698 696 695 685 683 682 676 674 659 651 643 634 632 629 620 614 611 608 606 602 599 595 593 590 589 588 587 585 580 578 576 574 538 535 534 530 528 524 505 501 498 483 481 480 477 475 474 471 465 457 447 442 439 433 426 421 414 413 404 394 392 389 387 373 370 368 367 366 355 353 350 349 347 345 343 342 339 332 330 327 325 317 309 308 306 304 299 297 296 289 284 276 271 265 264 249 247 245 240 239 228 222 221 217 214 211 207 206 181 180 179 178 177 176 175 174 173 172 171 154 153 152 151 150 149 148 136 135 134 118 117 116 115 114 113 112 111 91 90 89 88 87 86 85 84 83 82 81 59 57 56 55 54 53 52 39 38 29 28 27 26 25 24 16 7 6 5 4 3 2 1
>  211 1214 1169 1154 1107 1089 1035 1020 928 923 890 870 765 745 742 730 696 674 669 664 641 575 484 456 433 428 422 411 394 389 365 350 330 309 297 271 249 240 230 209 207 206 104 103 102 101 100 99 98 91 90 89 88 87 86 85 84 83 82 81 12 11 7 6 5 4 3 2 1
>  212 1088 1035 562 469 394 379 350 330 311 262 249 212 207 126 125 124 123 122 121 120 119 91 90 89 17 7 6 5 4 3 2
>  213 556 510 388 224 213 187 186 185 130 129 128 127 71 70 69 68 67 66 22 21 20 19 18
>  214 1217 1215 1088 1035 973 819 788 768 682 634 595 588 562 501 474 469 394 379 350 330 311 291 262 249 217 212 207 154 153 152 151 150 149 148 126 125 124 123 122 121 120 119 91 90 89 39 38 17 7 6 5 4 3 2
>  215 1199 1175 1172 1164 1147 1142 1108 1103 1101 1100 1099 1098 1088 1085 1060 1052 1049 1039 1035 1024 1015 1008 1004 1002 986 971 956 955 946 936 918 916 914 889 863 859 849 844 823 822 816 799 798 792 770 754 727 704 702 684 683 676 672 644 633 613 599 576 571 570 562 560 544 534 521 513 500 499 492 490 486 483 480 478 476 475 470 469 450 425 419 415 394 379 370 366 362 355 350 345 336 330 324 322 313 312 311 294 292 290 274 269 266 262 260 256 251 249 237 216 214 212 211 207 147 146 145 144 143 142 141 136 135 134 126 125 124 123 122 121 120 119 118 117 116 115 114 113 112 111 91 90 89 37 36 30 29 28 27 26 25 24 17 16 7 6 5 4 3 2
>  216 1216 1206 1203 1197 1186 1169 1161 1156 1114 1111 1096 1089 1066 1038 1035 1013 1012 1011 1006 997 976 923 892 870 849 848 826 821 784 745 737 736 720 709 698 696 683 676 674 659 643 620 611 602 593 589 574 534 530 465 457 447 439 433 413 394 392 389 367 366 355 350 349 345 332 330 327 325 309 308 297 289 271 264 249 240 222 214 207 206 181 180 179 178 177 176 175 174 136 135 134 91 90 89 88 87 86 85 84 83 82 81 59 29 28 27 26 25 24 7 6 5 4 3 2 1
>  217 556 216 213 147 146 145 144 143 142 141 130 129 128 127 37 36 22 21 20 19 18
>  218 1181 1156 1086 1044 1035 1017 856 839 829 806 802 767 725 715 711 692 626 607 598 583 574 537 530 523 466 439 394 392 377 369 356 350 344 331 330 327 310 264 249 222 208 207 181 180 179 178 177 176 175 174 97 96 95 94 93 92 91 90 89 59 10 9 8 7 6 5 4 3 2
>  219 1214 1154 1107 1035 1020 928 890 765 742 730 669 664 641 575 484 456 428 422 411 394 365 350 330 249 230 209 207 104 103 102 101 100 99 98 91 90 89 12 11 7 6 5 4 3 2
>  220 1041 759 629 608 483 343 239 222 211 181 180 179 178 177 176 175 174 118 117 116 115 114 113 112 111 59 16
>  221 1218 1156 1041 1035 1004 844 799 759 754 749 741 629 608 574 530 483 480 475 439 394 392 370 350 343 330 327 264 249 239 222 211 207 181 180 179 178 177 176 175 174 118 117 116 115 114 113 112 111 91 90 89 59 16 7 6 5 4 3 2
>  222 1184 1170 1168 1166 1155 1153 1152 1151 1141 1140 1136 1133 1119 1094 1080 1054 1050 1047 1041 1015 980 970 965 958 954 953 950 948 934 922 920 910 865 864 862 855 853 851 838 834 821 812 783 781 780 763 759 756 748 747 740 734 723 702 701 697 693 679 676 671 666 661 657 645 630 629 623 622 616 611 608 602 599 596 589 576 566 563 556 551 550 534 529 510 507 497 483 465 458 457 455 452 449 435 429 427 424 412 401 390 388 384 380 376 366 358 351 343 332 325 319 295 282 281 279 277 275 270 263 259 258 255 243 241 239 224 222 215 214 213 211 187 186 185 181 180 179 178 177 176 175 174 140 139 138 137 136 135 134 133 130 129 128 127 118 117 116 115 114 113 112 111 71 70 69 68 67 66 59 35 34 33 32 31 28 27 26 25 24 22 21 20 19 18 16
>  223 1226 1225 1218 1216 1206 1203 1199 1197 1195 1186 1185 1178 1175 1172 1169 1162 1161 1160 1156 1147 1144 1135 1130 1127 1116 1114 1111 1103 1098 1096 1090 1089 1082 1075 1066 1063 1055 1049 1041 1038 1036 1035 1031 1023 1015 1013 1012 1011 1006 1004 1002 997 983 981 979 976 974 967 962 944 942 930 927 925 923 917 914 913 892 883 873 872 870 869 865 863 857 849 848 847 844 831 826 823 822 821 817 813 799 792 785 784 782 775 759 754 749 745 743 741 737 736 727 721 720 709 704 702 698 696 695 691 684 683 676 674 672 662 659 644 643 637 633 632 629 620 611 608 606 602 599 593 589 578 576 574 570 555 541 538 535 534 533 531 530 524 500 499 487 486 483 481 480 479 477 475 472 471 470 465 463 457 450 447 444 442 439 433 426 425 421 415 413 394 392 389 370 368 367 366 362 357 355 350 349 347 346 345 343 341 332 330 329 327 325 322 313 309 308 304 297 292 289 284 282 279 274 271 268 265 264 260 256 249 247 245 240 239 237 222 221 216 214 211 207 206 181 180 179 178 177 176 175 174 173 172 171 147 146 145 144 143 142 141 136 135 134 133 118 117 116 115 114 113 112 111 91 90 89 88 87 86 85 84 83 82 81 59 57 56 55 54 53 52 37 36 29 28 27 26 25 24 16 7 6 5 4 3 2 1
>  224 213 130 129 128 23 22 21 20 19 18
>  225 1035 394 350 330 249 207 91 90 89 7 6 5 4 3 2
>  226 676 534 366 214 136 135 134 29 28 27 26 25 24
>  227 1156 1145 1035 961 899 853 838 671 666 655 653 574 540 530 518 510 508 443 439 435 431 394 392 388 350 330 327 277 264 249 234 224 222 207 187 186 185 181 180 179 178 177 176 175 174 91 90 89 71 70 69 68 67 66 59 7 6 5 4 3 2
>  228 1200 1183 1150 1068 1035 806 725 667 650 626 607 591 559 537 525 523 466 394 369 356 350 330 310 303 272 249 223 208 207 184 183 182 97 96 95 94 93 92 91 90 89 65 64 63 62 61 60 10 9 8 7 6 5 4 3 2
>  229 1195 1160 1144 1049 1035 1015 1004 930 849 844 799 782 754 721 702 695 683 676 632 599 576 534 483 481 480 479 475 471 394 370 368 366 355 350 347 345 330 304 282 279 249 247 221 214 211 207 173 172 171 136 135 134 133 118 117 116 115 114 113 112 111 91 90 89 57 56 55 54 53 52 28 27 26 25 24 16 7 6 5 4 3 2
>  230 1035 394 350 330 249 207 91 90 89 7 6 5 4 3 2
