>  1 251 246 242 208 204 203 198 194 193 188 186 182 181 176 175 160 156 155 150 149 148 101 97 95 94 93 91 23 19 18 13 12 11 9 5
>  2 262 261 260 259 258 257 247 246 245 244 209 208 207 206 203 187 186 185 184 181 176 161 160 159 158 155 150 148 102 101 100 99 95 93 91 74 73 72 71 69 64 63 60 24 23 22 21 18 13 11 9 5 3
>  3 262 261 260 218 217 216 209 208 207 200 174 173 172 164 163 146 145 144 136 135 133 131 130 129 121 120 117 116 115 114 109 106 104 103 24 23 22 14 13 10 8 7 6
>  4 254 245 243 239 237 235 225 223 221 220 197 195 193 192 190 129 127 125 124 122 119 56 54 52 51 49 45 22 20 18 17 15 12 7 2
>  5 240 233 228 226 220 219 173 167 166 165 145 139 138 137 133 130 124 123 122 117 116 23 17 16 15 10 8 7
>  6 243 237 235 205 203 202 195 193 192 188 183 181 180 176 175 127 125 124 120 119 118 20 18 17 13 12 11 7
>  7 256 247 243 241 237 235 227 223 221 220 187 183 181 180 178 174 170 168 167 165 162 161 157 155 154 152 148 147 24 20 18 17 15 11 10 9
>  8 235 221 220 168 167 165 140 139 137 133 125 124 122 117 116 18 17 15 10 8 7
>  9 243 214 212 205 203 200 170 168 164 163 157 155 151 150 147 142 140 136 135 133 132 20 18 14 13 10 9 8
>  10 246 240 235 208 203 202 198 193 192 188 186 181 180 176 175 160 155 154 150 149 148 23 18 17 13 12 11 9
