>  1 1226 1137 1071 923 814 658 581 527 451 424 359 336 322 279 266 257 247 237 210 207 110 109 108 107 106 105 91 90 89 15 14 13 7 6 5 4 3 2
>  2 1228 1226 1225 1219 1210 1191 1181 1179 1159 1156 1145 1142 1137 1128 1119 1115 1112 1101 1092 1083 1081 1080 1077 1072 1071 1057 1046 1043 1033 1008 980 963 948 935 927 924 923 909 907 906 897 889 886 871 870 859 858 845 835 834 814 812 810 797 794 781 761 754 745 737 730 716 711 698 695 684 675 673 667 659 658 655 634 621 619 618 613 605 597 581 573 564 534 528 527 522 512 496 487 474 469 467 464 457 451 450 447 445 432 424 421 414 413 411 400 398 383 380 376 370 362 359 358 353 351 349 342 336 330 323 322 315 301 284 279 274 266 265 257 250 247 240 237 214 213 211 210 207 206 136 135 134 130 129 128 118 117 116 115 114 113 112 111 110 109 108 107 106 105 91 90 89 88 87 86 85 84 83 82 81 29 28 27 26 25 24 23 22 21 20 19 18 16 15 14 13 7 6 5 4 3 2 1
>  3 1182 1171 1134 1123 1114 1088 1068 1061 1037 999 743 701 677 663 626 541 493 480 426 321 279 271 266 262 261 256 247 223 222 207 184 183 182 181 180 179 178 177 176 175 174 91 90 89 65 64 63 62 61 60 59 7 6 5 4 3 2
>  4 1223 1220 1206 1182 1154 1145 1096 1091 1062 1036 1019 1016 1015 1011 1004 991 977 901 888 865 847 842 817 797 763 753 741 729 724 711 694 692 630 545 540 512 496 485 483 476 471 470 458 457 452 443 426 416 400 395 393 363 354 352 348 347 315 308 289 262 260 224 222 214 211 187 186 185 181 180 179 178 177 176 175 174 136 135 134 133 118 117 116 115 114 113 112 111 71 70 69 68 67 66 59 28 27 26 25 24 16
>  5 1189 1152 1057 1033 875 845 830 752 727 715 708 664 638 622 605 596 595 482 445 414 406 376 323 309 298 284 280 279 273 266 263 247 234 219 209 207 206 167 166 165 164 163 162 104 103 102 101 100 99 98 91 90 89 88 87 86 85 84 83 82 81 44 43 42 12 11 7 6 5 4 3 2 1
>  6 1102 890 792 767 700 688 681 645 629 627 608 601 587 574 566 559 552 546 542 538 523 511 502 396 341 338 329 328 312 279 278 276 266 255 248 247 242 230 227 224 217 215 207 205 204 203 202 201 200 199 198 187 186 185 154 153 152 151 150 149 148 140 139 138 137 91 90 89 80 71 70 69 68 67 66 39 38 35 34 33 32 31 7 6 5 4 3 2
>  7 1152 875 664 622 595 482 298 279 266 247 219 207 167 166 165 164 163 162 91 90 89 44 43 42 7 6 5 4 3 2
>  8 279 266 247 207 91 90 89 7 6 5 4 3 2
>  9 1223 1145 1084 1017 961 931 888 797 764 711 710 687 686 646 571 561 517 512 504 496 484 458 457 442 412 400 348 327 315 272 239 214 211 208 136 135 134 133 118 117 116 115 114 113 112 111 97 96 95 94 93 92 28 27 26 25 24 16 10 9 8
>  10 1152 1023 1013 875 825 748 685 664 622 615 595 565 507 482 465 438 422 399 381 298 279 266 247 219 212 207 167 166 165 164 163 162 126 125 124 123 122 121 120 119 91 90 89 44 43 42 17 7 6 5 4 3 2
>  11 1145 1101 1083 1080 927 924 897 886 834 797 754 730 711 695 675 673 655 512 496 469 457 432 400 362 351 349 315 279 266 247 214 211 207 136 135 134 118 117 116 115 114 113 112 111 91 90 89 29 28 27 26 25 24 16 7 6 5 4 3 2
>  12 1152 875 664 622 595 482 298 279 266 247 219 207 167 166 165 164 163 162 91 90 89 44 43 42 7 6 5 4 3 2
>  13 1194 1182 1090 1089 1066 1040 1024 1012 916 823 806 791 731 709 706 682 645 641 629 614 557 521 518 511 473 454 426 419 262 251 242 233 230 222 221 217 181 180 179 178 177 176 175 174 173 172 171 170 154 153 152 151 150 149 148 59 57 56 55 54 53 52 39 38
>  14 1182 1171 1134 1114 1068 901 865 743 732 713 711 692 671 663 626 599 493 485 480 476 463 426 393 348 335 315 271 262 261 223 222 214 184 183 182 181 180 179 178 177 176 175 174 136 135 134 133 65 64 63 62 61 60 59 28 27 26 25 24
>  15 1194 1182 1166 1148 1144 1122 1109 1090 1089 1069 1066 1050 1040 1024 1021 1012 1009 1002 959 937 916 898 891 885 879 852 823 806 796 791 731 709 706 696 682 666 665 650 645 641 629 615 614 590 558 557 553 531 526 521 519 518 515 511 509 488 481 475 473 468 454 453 446 436 427 426 419 418 409 381 367 355 339 332 331 262 251 242 233 230 229 222 221 217 212 181 180 179 178 177 176 175 174 173 172 171 170 154 153 152 151 150 149 148 126 125 124 123 122 121 120 119 59 57 56 55 54 53 52 39 38 17
>  16 719 213 130 129 128 127 22 21 20 19 18
>  17 608 447 215 213 140 139 138 137 130 129 128 35 34 33 32 31 23 22 21 20 19 18
>  18 711 655 315 214 136 135 30 29 28 27 26 25 24
>  19 688 645 629 574 546 511 328 279 266 255 247 242 230 217 207 154 153 152 151 150 149 148 91 90 89 39 38 7 6 5 4 3 2
>  20 1182 1171 1134 1114 1090 1089 1078 1068 1066 1040 1024 1012 998 952 916 896 873 823 806 791 743 733 731 709 706 693 682 663 645 641 629 626 614 611 610 557 524 521 518 511 493 480 473 454 426 419 405 384 306 287 271 262 261 251 245 242 233 230 223 222 221 217 184 183 182 181 180 179 178 177 176 175 174 173 172 171 154 153 152 151 150 149 148 65 64 63 62 61 60 59 57 56 55 54 53 52 39 38
>  21 1223 1220 1206 1203 1192 1182 1178 1177 1170 1154 1147 1145 1139 1107 1096 1095 1094 1091 1062 1060 1041 1036 1019 1016 1015 1011 1007 1004 997 991 977 975 955 942 939 928 911 903 901 888 877 865 855 848 847 842 817 807 801 797 784 783 782 763 756 753 747 741 739 729 724 711 694 692 683 630 625 603 598 593 545 540 530 513 512 508 503 500 496 492 485 483 476 471 470 458 457 452 443 426 417 416 400 397 395 393 392 363 354 352 348 347 326 315 308 297 289 288 262 260 246 224 222 216 214 211 187 186 185 181 180 179 178 177 176 175 174 147 146 145 144 143 142 141 136 135 134 133 118 117 116 115 114 113 112 111 71 70 69 68 67 66 59 37 36 28 27 26 25 24 16
>  22 1220 1203 1198 1195 1192 1185 1183 1182 1178 1177 1170 1165 1160 1151 1150 1147 1145 1139 1138 1131 1129 1125 1118 1116 1107 1101 1100 1095 1094 1090 1089 1086 1083 1080 1066 1060 1044 1041 1040 1038 1036 1024 1020 1019 1012 1011 1007 1005 999 997 993 991 990 981 976 975 964 957 955 947 942 939 934 930 928 927 924 916 914 912 911 908 903 901 900 897 886 878 877 876 872 868 867 865 861 855 854 850 848 842 837 834 833 832 823 811 809 807 806 805 804 803 801 800 799 797 791 786 784 783 782 778 777 775 774 770 763 756 754 749 739 738 735 734 731 730 729 711 709 706 702 695 694 692 688 683 682 679 677 675 673 657 656 655 645 641 636 633 629 625 616 614 603 598 593 583 574 563 557 549 546 545 541 533 530 525 521 518 514 513 512 511 508 505 503 500 498 496 492 485 483 476 473 469 457 454 452 440 437 432 428 426 420 419 417 404 401 400 397 393 392 389 362 354 351 349 334 328 326 325 315 304 297 295 289 288 279 266 262 260 255 251 247 246 242 241 235 233 232 230 222 221 217 216 214 211 207 181 180 179 178 177 176 175 174 173 172 171 154 153 152 151 150 149 148 147 146 145 144 143 142 141 136 135 134 118 117 116 115 114 113 112 111 91 90 89 59 57 56 55 54 53 52 39 38 37 36 29 28 27 26 25 24 16 7 6 5 4 3 2
>  23 1223 1217 1206 1181 1154 1149 1145 1119 1112 1096 1075 1062 1016 1015 978 924 889 888 847 797 724 711 655 634 630 569 564 540 512 499 496 470 459 458 457 450 443 416 414 400 382 379 370 352 351 348 347 323 315 314 308 296 274 224 214 211 206 187 186 185 136 135 134 133 132 131 118 117 116 115 114 113 112 111 88 87 86 85 84 83 82 81 71 70 69 68 67 66 29 28 27 26 25 24 16 1
>  24 1185 993 964 914 709 682 679 657 656 616 549 525 505 428 279 266 247 221 207 173 172 171 170 91 90 89 57 56 55 54 53 52 7 6 5 4 3 2
>  25 1182 1174 1103 1055 999 940 793 710 686 677 654 639 541 472 426 412 374 373 344 327 317 279 272 266 262 247 222 208 207 181 180 179 178 177 176 175 174 97 96 95 94 93 92 91 90 89 59 10 9 8 7 6 5 4 3 2
>  26 1220 1195 1182 1151 1145 1101 1100 1083 1080 1036 1019 1011 999 991 927 924 901 897 886 868 865 861 842 837 834 804 797 763 754 730 729 711 695 694 692 677 675 673 655 545 541 512 496 485 483 476 469 457 452 432 426 400 393 362 354 351 349 315 289 279 266 262 260 247 222 214 211 207 181 180 179 178 177 176 175 174 136 135 134 118 117 116 115 114 113 112 111 91 90 89 59 29 28 27 26 25 24 16 7 6 5 4 3 2
>  27 711 348 315 214 136 135 134 133 28 27 26 25 24
>  28 1198 1185 1182 1160 1090 1089 1066 1040 1024 1020 1012 999 993 964 916 914 878 854 823 811 809 806 805 799 791 731 709 706 688 682 679 677 657 656 645 641 629 616 614 574 557 549 546 541 525 521 518 511 505 473 454 428 426 419 328 279 266 262 255 251 247 242 233 230 222 221 217 207 181 180 179 178 177 176 175 174 173 172 171 154 153 152 151 150 149 148 91 90 89 59 57 56 55 54 53 52 39 38 7 6 5 4 3 2
>  29 1189 1182 999 830 752 727 715 708 677 638 596 541 426 406 309 280 279 273 266 263 262 247 234 222 209 207 181 180 179 178 177 176 175 174 104 103 102 101 100 99 98 91 90 89 59 12 11 7 6 5 4 3 2
>  30 1194 1182 1090 1089 1066 1040 1024 1012 916 823 806 791 731 709 706 682 645 641 629 614 557 521 518 511 473 454 426 419 262 251 242 233 230 222 221 217 181 180 179 178 177 176 175 174 173 172 171 170 154 153 152 151 150 149 148 59 57 56 55 54 53 52 39 38
>  31 1189 830 752 727 715 708 638 596 406 309 280 279 273 266 263 247 234 209 207 104 103 102 101 100 99 98 91 90 89 12 11 7 6 5 4 3 2
>  32 1171 1088 1068 701 663 626 321 279 271 266 261 256 247 223 207 184 183 182 91 90 89 65 64 63 62 61 60 7 6 5 4 3 2
>  33 1228 1226 1223 1220 1195 1190 1186 1185 1184 1182 1165 1151 1150 1145 1142 1137 1128 1125 1118 1101 1100 1093 1089 1086 1083 1081 1080 1077 1074 1071 1064 1047 1044 1040 1038 1036 1019 1011 1008 999 993 991 990 981 976 969 964 944 936 930 927 924 923 914 906 901 897 895 888 886 876 872 871 870 868 865 864 861 859 854 842 837 834 829 815 814 812 811 810 804 803 797 780 777 775 774 763 761 754 744 735 730 729 723 711 709 706 695 694 692 684 682 679 677 675 673 667 658 657 656 655 648 633 618 616 582 581 563 555 549 545 541 528 527 525 521 514 512 505 496 485 483 476 469 458 457 454 452 451 437 432 428 426 424 421 420 411 404 400 393 371 362 359 358 354 351 349 348 342 336 334 333 324 322 315 304 301 292 289 279 266 265 262 260 257 250 247 241 237 222 221 214 211 210 207 181 180 179 178 177 176 175 174 173 172 171 136 135 134 133 118 117 116 115 114 113 112 111 110 109 108 107 106 105 91 90 89 59 57 56 55 54 53 52 29 28 27 26 25 24 16 15 14 13 7 6 5 4 3 2
>  34 1228 1225 1201 1190 1186 1184 1181 1165 1149 1142 1125 1118 1086 1075 1074 1072 1064 1044 1028 969 954 949 930 889 876 871 859 858 795 773 771 711 709 682 658 655 648 634 618 609 582 579 572 569 568 563 555 528 514 464 450 437 433 425 421 420 414 411 404 370 359 358 348 342 333 324 323 315 314 304 265 257 221 214 210 206 173 172 171 136 135 134 133 110 109 108 107 106 105 88 87 86 85 84 83 82 81 57 56 55 54 53 52 29 28 27 26 25 24 15 14 13 1
>  35 1217 1153 1152 1149 1092 1080 1075 1057 1033 935 907 889 875 845 754 730 711 695 664 622 605 595 569 482 450 445 432 414 376 371 370 349 348 323 315 314 298 284 279 266 247 219 214 207 206 167 166 165 164 163 162 136 135 134 133 132 131 91 90 89 88 87 86 85 84 83 82 81 44 43 42 26 25 24 7 6 5 4 3 2 1
>  36 1195 1182 1101 1083 1036 1019 999 991 927 886 868 861 842 834 804 763 729 725 694 677 675 673 570 545 541 512 496 483 469 457 452 426 362 354 310 289 279 266 262 260 247 222 218 211 207 181 180 179 178 177 176 175 174 161 160 159 158 157 156 155 118 117 116 115 114 113 112 111 91 90 89 59 41 40 16 7 6 5 4 3 2
>  37
>  38 688 645 629 574 546 511 328 279 266 255 247 242 230 217 207 154 153 152 151 150 149 148 91 90 89 39 38 7 6 5 4 3 2
>  39 1102 890 608 601 542 502 396 338 329 276 248 227 224 215 205 204 203 202 201 200 199 198 187 186 185 140 139 138 137 80 71 70 69 68 67 66 35 34 33 32 31
>  40 711 348 315 214 136 135 134 133 132 131 26 25 24
>  41 1223 1220 1194 1182 1165 1151 1150 1145 1125 1118 1093 1089 1086 1064 1044 1040 1038 1036 1019 1011 991 990 981 930 924 901 895 888 876 872 865 842 815 803 797 774 772 763 735 729 711 709 706 694 692 682 655 633 563 545 521 514 512 496 485 483 476 458 457 454 452 437 426 420 404 400 393 354 351 348 334 333 315 304 289 262 260 241 222 221 214 211 181 180 179 178 177 176 175 174 173 172 171 170 136 135 134 133 118 117 116 115 114 113 112 111 59 57 56 55 54 53 52 29 28 27 26 25 24 16
>  42 1194 1182 1090 1089 1066 1040 1024 1012 916 823 806 791 731 709 706 682 645 641 629 614 557 521 518 511 473 454 426 419 262 251 242 233 230 222 221 217 181 180 179 178 177 176 175 174 173 172 171 170 154 153 152 151 150 149 148 59 57 56 55 54 53 52 39 38
>  43 1228 1223 1220 1190 1186 1184 1182 1165 1151 1150 1145 1142 1128 1125 1118 1093 1089 1086 1081 1077 1074 1064 1047 1044 1040 1038 1036 1019 1011 991 990 981 969 944 936 930 924 901 895 888 876 872 871 865 859 842 815 803 797 780 774 763 744 735 729 723 711 709 706 694 692 684 682 667 658 655 648 633 618 582 563 555 545 528 521 514 512 496 485 483 476 458 457 454 452 437 426 421 420 411 404 400 393 359 358 354 351 348 342 334 333 324 315 304 301 292 289 265 262 260 257 250 241 222 221 214 211 210 181 180 179 178 177 176 175 174 173 172 171 136 135 134 133 118 117 116 115 114 113 112 111 110 109 108 107 106 105 59 57 56 55 54 53 52 29 28 27 26 25 24 16 15 14 13
>  44 1190 1186 1184 1165 1142 1125 1118 1064 1044 969 930 876 871 859 711 709 682 658 618 563 555 528 514 437 421 411 404 359 358 348 342 333 324 315 304 265 257 221 214 210 173 172 171 170 136 135 134 133 110 109 108 107 106 105 55 54 53 52 28 27 26 25 24 15 14 13
>  45 1229 1224 1223 1220 1206 1204 1202 1199 1187 1182 1173 1167 1154 1145 1144 1108 1096 1091 1087 1076 1069 1062 1042 1036 1021 1019 1016 1015 1011 1004 1001 991 977 973 965 960 941 929 919 913 904 901 888 884 865 853 847 843 842 838 824 817 797 766 763 753 741 729 728 724 717 711 707 705 694 692 690 669 666 649 640 630 615 594 580 562 560 558 551 545 540 531 516 515 512 509 496 485 483 476 471 470 468 458 457 455 452 443 439 431 426 418 416 400 395 393 381 367 363 355 354 352 348 347 339 332 315 308 289 267 262 260 252 249 224 222 214 212 211 187 186 185 181 180 179 178 177 176 175 174 136 135 134 133 126 125 124 123 122 121 120 119 118 117 116 115 114 113 112 111 71 70 69 68 67 66 59 28 27 26 25 24 17 16
>  46 1208 1203 1178 1105 1101 1083 975 928 927 911 886 855 834 807 770 749 720 702 683 675 673 636 627 625 608 598 593 587 547 539 530 512 503 500 498 496 492 469 457 444 417 401 366 362 297 295 279 266 247 228 216 215 211 207 147 146 145 144 143 142 141 140 139 138 137 118 117 116 115 114 113 112 111 91 90 89 37 36 35 34 33 32 31 16 7 6 5 4 3 2
>  47 710 686 412 327 272 208 97 96 95 94 93 92 10 9 8
>  48 1182 1171 1134 1123 1114 1088 1068 1061 1037 999 743 701 677 663 626 541 493 480 426 321 279 271 266 262 261 256 247 223 222 207 184 183 182 181 180 179 178 177 176 175 174 91 90 89 65 64 63 62 61 60 59 7 6 5 4 3 2
>  49 1182 999 725 677 570 541 426 310 279 266 262 247 222 218 207 181 180 179 178 177 176 175 174 161 160 159 158 157 156 155 91 90 89 59 41 40 7 6 5 4 3 2
>  50 1208 1182 1105 1059 1036 1019 991 938 887 842 828 763 729 720 694 622 608 604 602 591 547 545 539 512 496 483 482 457 452 444 435 426 369 366 354 305 289 268 262 260 238 228 222 219 215 211 181 180 179 178 177 176 175 174 167 166 165 164 163 162 140 139 138 137 118 117 116 115 114 113 112 111 59 44 43 42 35 34 33 32 31 16
>  51 1223 1145 1142 1128 1081 888 871 859 797 711 684 667 658 618 528 512 496 458 457 421 411 400 359 358 348 342 315 301 265 257 250 214 211 210 136 135 134 133 118 117 116 115 114 113 112 111 110 109 108 107 106 105 28 27 26 25 24 16 15 14 13
>  52 1223 1206 1154 1145 1142 1128 1096 1081 1062 1016 1015 888 871 859 847 797 724 711 684 667 658 630 618 540 528 512 496 470 458 457 443 421 416 411 400 359 358 352 348 347 342 315 308 301 265 257 250 224 214 211 210 187 186 185 136 135 134 133 118 117 116 115 114 113 112 111 110 109 108 107 106 105 71 70 69 68 67 66 28 27 26 25 24 16 15 14 13
>  53 764 711 710 686 561 442 412 348 327 315 272 239 214 208 136 135 134 133 97 96 95 94 93 92 28 27 26 25 24 10 9 8
>  54 1102 890 608 601 502 396 338 329 276 248 224 215 187 186 185 140 139 138 137 71 70 69 68 67 66 35 34 33 32 31
>  55 1194 1182 1166 1148 1144 1122 1109 1090 1089 1079 1069 1066 1050 1040 1024 1021 1012 1009 1002 984 959 937 916 898 891 885 879 852 823 806 796 791 755 731 723 709 706 696 682 676 672 666 665 658 653 650 648 645 641 629 615 614 590 582 558 557 555 553 550 535 531 526 521 519 518 515 511 509 488 481 475 473 468 454 453 446 436 427 426 419 418 409 394 381 367 361 359 355 339 332 331 324 292 262 257 251 242 233 230 229 222 221 217 212 210 181 180 179 178 177 176 175 174 173 172 171 170 154 153 152 151 150 149 148 126 125 124 123 122 121 120 119 110 109 108 107 106 105 59 57 56 55 54 53 52 39 38 17 15 14 13
>  56 1182 1171 1144 1134 1114 1069 1068 1021 821 743 666 663 644 626 615 606 558 537 531 515 509 493 480 468 426 418 381 367 355 343 339 332 271 262 261 223 222 212 184 183 182 181 180 179 178 177 176 175 174 126 125 124 123 122 121 120 119 65 64 63 62 61 60 59 17
>  57 1194 1182 1166 1148 1144 1122 1109 1090 1089 1079 1069 1066 1050 1040 1024 1021 1012 1009 1002 984 959 937 916 898 891 885 879 852 823 806 796 791 755 731 723 709 706 696 682 676 672 666 665 658 653 650 648 645 641 629 615 614 590 582 558 557 555 553 550 535 531 526 521 519 518 515 511 509 488 481 475 473 468 454 453 446 436 427 426 419 418 409 394 381 367 361 359 355 339 332 331 324 292 262 257 251 242 233 230 229 222 221 217 212 210 181 180 179 178 177 176 175 174 173 172 171 170 154 153 152 151 150 149 148 126 125 124 123 122 121 120 119 110 109 108 107 106 105 59 57 56 55 54 53 52 39 38 17 15 14 13
>  58 1194 1182 1166 1148 1144 1122 1109 1090 1089 1069 1066 1050 1040 1024 1021 1012 1009 1002 959 937 916 898 891 885 879 852 823 806 796 791 731 709 706 696 682 666 665 650 645 641 629 615 614 590 558 557 553 531 526 521 519 518 515 511 509 488 481 475 473 468 454 453 446 436 427 426 419 418 409 381 367 355 339 332 331 262 251 242 233 230 229 222 221 217 212 181 180 179 178 177 176 175 174 173 172 171 170 154 153 152 151 150 149 148 126 125 124 123 122 121 120 119 59 57 56 55 54 53 52 39 38 17
>  59 1223 1220 1213 1208 1206 1182 1154 1145 1124 1105 1102 1096 1091 1062 1059 1054 1036 1019 1016 1015 1011 1004 991 985 977 970 945 938 901 899 894 890 888 887 865 857 851 847 842 828 817 797 779 765 763 757 753 741 729 724 720 714 711 694 692 630 608 604 602 601 591 578 547 545 540 539 512 502 496 485 483 476 471 470 466 462 458 457 452 444 443 435 426 416 400 396 395 393 369 366 363 354 352 348 347 338 329 315 308 305 289 276 268 262 260 248 238 228 224 222 215 214 211 187 186 185 181 180 179 178 177 176 175 174 140 139 138 137 136 135 134 133 118 117 116 115 114 113 112 111 71 70 69 68 67 66 59 35 34 33 32 31 28 27 26 25 24 16
>  60 1223 1220 1182 1171 1145 1143 1134 1114 1073 1068 1036 1029 1019 1011 1006 991 901 888 865 842 831 797 763 743 732 729 713 711 694 692 680 671 663 626 599 589 576 545 543 512 496 493 485 483 480 477 476 463 458 457 452 426 400 393 354 348 335 315 289 271 262 261 260 223 222 214 211 184 183 182 181 180 179 178 177 176 175 174 136 135 134 133 118 117 116 115 114 113 112 111 65 64 63 62 61 60 59 28 27 26 25 24 16
>  61 1221 1194 1190 1186 1184 1182 1165 1142 1125 1118 1103 1089 1086 1074 1064 1044 1040 969 936 930 901 895 876 871 865 859 844 780 774 772 764 744 735 723 712 711 710 709 706 692 686 682 658 654 648 647 618 582 563 561 555 544 528 521 514 485 476 472 454 442 437 426 421 420 412 411 404 393 359 358 348 346 345 344 342 333 327 324 317 315 311 304 292 285 272 265 262 257 239 222 221 214 210 208 181 180 179 178 177 176 175 174 173 172 171 170 136 135 134 133 110 109 108 107 106 105 97 96 95 94 93 92 59 57 56 55 54 53 52 28 27 26 25 24 15 14 13 10 9 8
>  62 1219 1043 619 467 447 413 279 266 247 240 213 207 130 129 128 91 90 89 23 22 21 20 19 18 7 6 5 4 3 2
>  63 1102 890 622 608 601 542 502 482 396 338 329 276 248 227 224 219 215 205 204 203 202 201 200 199 198 187 186 185 167 166 165 164 163 162 140 139 138 137 80 71 70 69 68 67 66 44 43 42 35 34 33 32 31
>  64 1227 1220 1218 1212 1210 1209 1201 1198 1195 1193 1185 1183 1182 1181 1172 1165 1160 1151 1150 1145 1141 1136 1131 1130 1129 1125 1119 1118 1112 1101 1100 1097 1092 1090 1089 1086 1083 1080 1066 1057 1052 1049 1044 1040 1038 1036 1035 1033 1028 1024 1020 1019 1012 1011 1005 1003 999 993 992 991 990 989 981 976 972 964 957 956 949 947 946 943 935 934 930 927 924 920 916 914 912 907 902 901 900 897 893 889 886 878 876 872 868 865 863 861 860 854 850 846 845 842 837 834 823 822 820 818 816 811 809 806 805 804 803 802 800 799 797 795 791 788 786 777 776 775 774 773 769 763 754 738 735 734 731 730 729 711 709 706 699 695 694 692 688 682 679 677 675 673 657 656 655 645 641 637 634 633 631 629 620 616 614 609 605 585 579 574 572 568 567 564 563 557 549 546 545 541 533 525 521 518 514 512 511 505 496 485 483 476 473 469 457 454 452 450 445 440 437 433 432 430 428 426 425 420 419 414 410 404 400 393 389 378 377 376 370 362 354 351 349 340 334 328 325 323 315 313 304 294 289 284 281 279 274 266 262 260 255 251 247 242 241 233 230 222 221 217 214 211 207 206 181 180 179 178 177 176 175 174 173 172 171 154 153 152 151 150 149 148 136 135 134 118 117 116 115 114 113 112 111 91 90 89 88 87 86 85 84 83 82 81 59 57 56 55 54 53 52 39 38 29 28 27 26 25 24 16 7 6 5 4 3 2 1
>  65 279 266 247 207 91 90 89 7 6 5 4 3 2
>  66 1223 1220 1213 1208 1206 1182 1154 1145 1124 1105 1102 1096 1091 1062 1059 1054 1036 1019 1016 1015 1011 1004 991 985 977 970 945 938 901 899 894 890 888 887 865 857 851 847 842 828 817 797 779 765 763 757 753 741 729 724 720 714 711 694 692 630 608 604 602 601 591 578 547 545 540 539 512 502 496 485 483 476 471 470 466 462 458 457 452 444 443 435 426 416 400 396 395 393 369 366 363 354 352 348 347 338 329 315 308 305 289 276 268 262 260 248 238 228 224 222 215 214 211 187 186 185 181 180 179 178 177 176 175 174 140 139 138 137 136 135 134 133 118 117 116 115 114 113 112 111 71 70 69 68 67 66 59 35 34 33 32 31 28 27 26 25 24 16
>  67 1226 1198 1185 1137 1090 1079 1071 1012 993 986 964 923 916 914 864 829 814 809 806 805 799 755 709 688 682 679 658 657 656 645 629 616 581 574 557 555 550 549 546 527 525 518 511 505 473 451 428 424 419 361 359 336 328 324 322 279 266 257 255 247 242 237 230 221 217 210 207 173 172 171 170 154 153 152 151 150 149 148 110 109 108 107 106 105 91 90 89 56 55 54 53 52 39 38 15 14 13 7 6 5 4 3 2
>  68 1194 1182 1090 1089 1079 1066 1040 1024 1012 916 823 806 791 755 731 723 709 706 682 658 648 645 641 629 614 582 557 555 550 521 518 511 473 454 426 419 361 359 324 292 262 257 251 242 233 230 222 221 217 210 181 180 179 178 177 176 175 174 173 172 171 170 154 153 152 151 150 149 148 110 109 108 107 106 105 59 57 56 55 54 53 52 39 38 15 14 13
>  69 1101 1083 927 886 834 675 673 512 496 469 457 362 279 266 247 211 207 118 117 116 115 114 113 112 111 91 90 89 16 7 6 5 4 3 2
>  70 1189 1182 999 830 752 727 715 708 677 638 596 541 426 406 309 280 279 273 266 263 262 247 234 222 209 207 181 180 179 178 177 176 175 174 104 103 102 101 100 99 98 91 90 89 59 12 11 7 6 5 4 3 2
>  71 1189 1182 1003 972 946 846 802 638 631 620 596 585 567 430 426 414 410 378 340 323 281 280 262 222 209 206 181 180 179 178 177 176 175 174 104 103 102 101 100 99 98 88 87 86 85 84 83 82 81 59 12 11 1
>  72 1216 1210 1181 1162 1158 1140 1135 1126 1092 1082 1080 1070 1057 1053 1045 1033 1027 1022 995 962 950 935 907 889 869 866 845 813 808 754 730 711 695 662 655 651 643 634 605 600 575 556 520 501 497 491 486 450 445 432 415 414 391 388 376 375 370 365 350 349 323 319 315 303 302 300 290 284 279 269 266 247 225 214 207 206 191 190 189 188 136 135 134 91 90 89 88 87 86 85 84 83 82 81 76 75 74 73 72 29 28 27 26 25 24 7 6 5 4 3 2 1
>  73 1183 1174 1131 1101 1084 1083 1051 1026 1017 1005 987 961 931 927 886 850 834 800 768 710 688 687 686 675 673 646 645 639 629 574 571 546 517 512 511 504 496 484 469 457 412 389 374 373 362 328 327 325 279 272 266 255 247 242 230 217 211 208 207 154 153 152 151 150 149 148 118 117 116 115 114 113 112 111 97 96 95 94 93 92 91 90 89 39 38 16 10 9 8 7 6 5 4 3 2
>  74 1178 1152 875 770 749 702 664 636 625 622 598 595 593 500 498 482 417 401 298 297 295 279 266 247 219 216 207 167 166 165 164 163 162 147 146 145 144 143 142 141 91 90 89 44 43 42 37 36 7 6 5 4 3 2
>  75 1226 1182 1137 1071 999 923 814 723 677 658 581 541 527 451 426 424 359 336 322 292 279 266 262 257 247 237 222 210 207 181 180 179 178 177 176 175 174 110 109 108 107 106 105 91 90 89 59 15 14 13 7 6 5 4 3 2
>  76 1181 889 711 655 634 450 414 370 323 315 214 206 136 135 134 88 87 86 85 84 83 82 81 29 28 27 26 25 24 1
>  77 1198 1185 1090 1012 993 964 916 914 809 806 805 799 709 688 682 679 657 656 645 629 616 574 557 549 546 525 518 511 505 473 428 419 328 279 266 255 247 242 230 221 217 207 173 172 171 154 153 152 151 150 149 148 91 90 89 57 56 55 54 53 52 39 38 7 6 5 4 3 2
>  78 1152 875 664 622 595 482 298 279 266 247 219 207 167 166 165 164 163 162 91 90 89 44 43 42 7 6 5 4 3 2
>  79 1182 1103 1091 1004 710 686 654 472 471 426 412 395 363 344 327 317 272 262 224 222 208 187 186 185 181 180 179 178 177 176 175 174 97 96 95 94 93 92 71 70 69 68 67 66 59 10 9 8
>  80 711 655 315 214 136 135 134 29 28 27 26 25 24
>  81 1228 1223 1220 1190 1186 1184 1183 1182 1165 1151 1150 1145 1142 1129 1128 1125 1118 1093 1090 1089 1086 1081 1079 1077 1074 1066 1064 1047 1044 1040 1038 1036 1024 1019 1012 1011 1005 991 990 981 969 957 944 936 934 930 924 916 915 912 901 895 888 876 872 871 865 859 842 823 815 806 803 797 791 789 787 780 774 763 755 746 744 738 735 734 731 729 723 711 709 706 694 692 684 682 667 658 655 648 645 641 635 633 629 618 614 582 563 557 555 550 545 533 528 521 518 514 512 511 496 485 483 476 473 458 457 454 452 440 437 426 421 420 419 411 407 404 400 393 389 361 359 358 354 351 348 342 334 333 325 324 315 304 301 292 289 265 262 260 257 251 250 243 242 241 233 230 222 221 217 214 211 210 181 180 179 178 177 176 175 174 173 172 171 154 153 152 151 150 149 148 136 135 134 133 118 117 116 115 114 113 112 111 110 109 108 107 106 105 59 57 56 55 54 53 52 39 38 29 28 27 26 25 24 16 15 14 13
>  82 1205 1202 1099 1087 958 941 926 910 880 750 726 711 704 669 655 615 560 542 516 494 381 368 315 258 227 214 212 205 204 203 202 201 200 199 198 136 135 134 126 125 124 123 122 121 120 119 80 29 28 27 26 25 24 17
>  83 1152 875 664 622 595 482 298 279 266 247 219 207 167 166 165 164 163 162 91 90 89 44 43 42 7 6 5 4 3 2
>  84 279 266 247 207 91 90 89 7 6 5 4 3 2
>  85 1194 1182 1166 1148 1144 1122 1109 1090 1089 1069 1066 1050 1040 1024 1021 1012 1009 1002 959 937 916 898 891 885 879 852 823 806 796 791 731 709 706 696 682 666 665 650 645 641 629 615 614 590 558 557 553 531 526 521 519 518 515 511 509 488 481 475 473 468 454 453 446 436 427 426 419 418 409 381 367 355 339 332 331 262 251 242 233 230 229 222 221 217 212 181 180 179 178 177 176 175 174 173 172 171 170 154 153 152 151 150 149 148 126 125 124 123 122 121 120 119 59 57 56 55 54 53 52 39 38 17
>  86 1194 1182 1090 1089 1066 1040 1024 1012 916 823 806 791 731 709 706 682 645 641 629 614 557 521 518 511 473 454 426 419 262 251 242 233 230 222 221 217 181 180 179 178 177 176 175 174 173 172 171 170 154 153 152 151 150 149 148 59 57 56 55 54 53 52 39 38
>  87 711 348 315 214 136 135 134 133 28 27 26 25 24
>  88 279 266 247 207 91 90 89 7 6 5 4 3 2
>  89 1195 1189 1182 1101 1083 1036 1019 999 991 927 886 868 861 842 834 830 804 763 752 729 727 715 708 694 677 675 673 638 596 545 541 512 496 483 469 457 452 426 406 362 354 309 289 280 279 273 266 263 262 260 247 234 222 211 209 207 181 180 179 178 177 176 175 174 118 117 116 115 114 113 112 111 104 103 102 101 100 99 98 91 90 89 59 16 12 11 7 6 5 4 3 2
>  90 1182 999 677 541 426 279 266 262 247 222 207 181 180 179 178 177 176 175 174 91 90 89 59 7 6 5 4 3 2
>  91 1223 1220 1182 1171 1145 1143 1134 1114 1073 1068 1036 1029 1019 1011 1006 991 901 888 865 842 831 797 763 743 732 729 713 711 694 692 680 671 663 626 599 589 576 545 543 512 496 493 485 483 480 477 476 463 458 457 452 426 400 393 354 348 335 315 289 271 262 261 260 223 222 214 211 184 183 182 181 180 179 178 177 176 175 174 136 135 134 133 118 117 116 115 114 113 112 111 65 64 63 62 61 60 59 28 27 26 25 24 16
>  92 1198 1185 1090 1012 993 964 916 914 809 806 805 799 709 688 682 679 657 656 645 629 616 574 557 549 546 525 518 511 505 473 428 419 328 279 266 255 247 242 230 221 217 207 173 172 171 154 153 152 151 150 149 148 91 90 89 57 56 55 54 53 52 39 38 7 6 5 4 3 2
>  93
>  94 1194 1182 1090 1089 1066 1040 1024 1012 916 823 806 791 731 709 706 682 645 641 629 614 557 521 518 511 473 454 426 419 262 251 242 233 230 222 221 217 181 180 179 178 177 176 175 174 173 172 171 170 154 153 152 151 150 149 148 59 57 56 55 54 53 52 39 38
>  95 1216 1102 1027 995 950 890 627 608 601 587 566 502 501 497 491 486 396 391 388 375 365 338 329 312 303 279 276 269 266 248 247 225 224 215 207 191 190 189 188 187 186 185 140 139 138 137 91 90 89 76 75 74 73 72 71 70 69 68 67 66 35 34 33 32 31 7 6 5 4 3 2
>  96 1220 1198 1195 1185 1183 1182 1165 1160 1151 1150 1145 1131 1129 1125 1118 1101 1100 1090 1089 1086 1083 1080 1066 1044 1040 1038 1036 1024 1020 1019 1012 1011 1005 999 993 991 990 981 976 964 957 947 934 930 927 924 916 914 912 901 900 897 886 878 876 872 868 865 861 854 850 842 837 834 823 811 809 806 805 804 803 800 799 797 791 786 777 775 774 763 754 738 735 734 731 730 729 711 709 706 695 694 692 688 682 679 677 675 673 657 656 655 645 641 633 629 616 614 574 563 557 549 546 545 541 533 525 521 518 514 512 511 505 496 485 483 476 473 469 457 454 452 440 437 432 428 426 420 419 404 400 393 389 362 354 351 349 334 328 325 315 304 289 279 266 262 260 255 251 247 242 241 233 230 222 221 217 214 211 207 181 180 179 178 177 176 175 174 173 172 171 154 153 152 151 150 149 148 136 135 134 118 117 116 115 114 113 112 111 91 90 89 59 57 56 55 54 53 52 39 38 29 28 27 26 25 24 16 7 6 5 4 3 2
>  97 1198 1195 1185 1183 1182 1160 1131 1101 1090 1089 1083 1066 1040 1038 1036 1024 1020 1019 1012 1005 999 993 991 990 981 976 964 957 927 916 914 912 886 878 868 861 854 850 842 834 823 811 809 806 805 804 803 800 799 791 777 763 738 731 729 709 706 694 688 682 679 677 675 673 657 656 645 641 633 629 616 614 574 557 549 546 545 541 525 521 518 512 511 505 496 483 473 469 457 454 452 428 426 419 389 362 354 334 328 325 289 279 266 262 260 255 251 247 242 241 233 230 222 221 217 211 207 181 180 179 178 177 176 175 174 173 172 171 154 153 152 151 150 149 148 118 117 116 115 114 113 112 111 91 90 89 59 57 56 55 54 53 52 39 38 16 7 6 5 4 3 2
>  98 1023 1013 825 748 685 615 565 507 465 438 422 399 381 279 266 247 212 207 126 125 124 123 122 121 120 119 91 90 89 17 7 6 5 4 3 2
>  99 1182 999 677 541 426 279 266 262 247 222 207 181 180 179 178 177 176 175 174 91 90 89 59 7 6 5 4 3 2
>  100 1189 1057 1033 845 830 752 727 715 708 638 605 596 445 414 406 376 323 309 284 280 279 273 266 263 247 234 209 207 206 104 103 102 101 100 99 98 91 90 89 88 87 86 85 84 83 82 81 12 11 7 6 5 4 3 2 1
>  101 1080 754 730 711 695 432 371 349 348 315 279 266 247 214 207 136 135 134 133 91 90 89 28 27 26 25 24 7 6 5 4 3 2
>  102 1228 1204 1202 1173 1145 1142 1128 1087 1081 1077 984 941 926 924 917 913 904 884 880 871 859 797 717 711 707 690 684 676 672 669 667 658 655 653 618 615 594 560 551 535 528 516 512 496 457 455 439 421 411 400 394 381 359 358 351 342 315 301 267 265 257 252 250 214 212 211 210 136 135 134 126 125 124 123 122 121 120 119 118 117 116 115 114 113 112 111 110 109 108 107 106 105 29 28 27 26 25 24 17 16 15 14 13
>  103 844 712 710 709 686 682 647 544 412 346 345 327 311 285 272 221 208 173 172 171 97 96 95 94 93 92 57 56 55 54 53 52 10 9 8
>  104 1223 1190 1186 1150 1145 1142 1128 1118 1093 1086 1085 1084 1081 1074 1065 1064 1047 1044 1038 1017 974 969 961 931 930 882 876 844 819 815 797 721 712 711 710 709 687 686 684 682 667 658 648 647 646 633 582 571 563 561 555 544 517 514 512 504 496 484 459 458 457 442 421 420 412 411 404 400 382 379 359 358 348 346 345 342 334 333 327 324 318 315 311 307 304 301 296 285 272 257 250 241 221 214 211 210 208 173 172 171 136 135 134 133 132 131 118 117 116 115 114 113 112 111 110 109 108 107 106 105 97 96 95 94 93 92 57 56 55 54 53 52 26 25 24 16 15 14 13 10 9 8
>  105 1227 1220 1218 1212 1210 1209 1201 1198 1195 1193 1185 1183 1182 1181 1172 1165 1160 1151 1150 1145 1141 1136 1131 1130 1129 1125 1119 1118 1112 1101 1100 1097 1092 1090 1089 1086 1083 1080 1066 1057 1052 1049 1044 1040 1038 1036 1035 1033 1028 1024 1020 1019 1012 1011 1005 1003 999 993 992 991 990 989 981 976 972 964 957 956 949 947 946 943 935 934 930 927 924 920 916 914 912 907 902 901 900 897 893 889 886 878 876 872 868 865 863 861 860 854 850 846 845 842 837 834 823 822 820 818 816 811 809 806 805 804 803 802 800 799 797 795 791 788 786 777 776 775 774 773 769 763 754 738 735 734 731 730 729 711 709 706 699 695 694 692 688 682 679 677 675 673 657 656 655 645 641 637 634 633 631 629 620 616 614 609 605 585 579 574 572 568 567 564 563 557 549 546 545 541 533 525 521 518 514 512 511 505 496 485 483 476 473 469 457 454 452 450 445 440 437 433 432 430 428 426 425 420 419 414 410 404 400 393 389 378 377 376 370 362 354 351 349 340 334 328 325 323 315 313 304 294 289 284 281 279 274 266 262 260 255 251 247 242 241 233 230 222 221 217 214 211 207 206 181 180 179 178 177 176 175 174 173 172 171 154 153 152 151 150 149 148 136 135 134 118 117 116 115 114 113 112 111 91 90 89 88 87 86 85 84 83 82 81 59 57 56 55 54 53 52 39 38 29 28 27 26 25 24 16 7 6 5 4 3 2 1
>  106 1223 1145 978 888 797 711 512 499 496 459 458 457 400 382 379 348 315 296 214 211 136 135 134 133 132 131 118 117 116 115 114 113 112 111 28 27 26 25 24 16
>  107 1148 879 852 709 682 650 615 481 453 427 381 331 229 221 212 173 172 171 170 126 125 124 123 122 121 120 119 56 55 54 53 52 17
>  108 1189 1057 1033 845 830 752 727 715 708 638 605 596 445 414 406 376 323 309 284 280 279 273 266 263 247 234 209 207 206 104 103 102 101 100 99 98 91 90 89 88 87 86 85 84 83 82 81 12 11 7 6 5 4 3 2 1
>  109 1229 1224 1223 1208 1206 1204 1202 1199 1173 1154 1145 1108 1105 1102 1096 1087 1076 1062 1016 1015 985 973 960 941 929 919 913 904 890 888 884 857 851 847 843 824 797 766 765 757 728 724 720 717 714 711 707 705 690 669 649 640 630 615 608 601 594 580 578 562 560 551 547 540 539 516 512 502 496 470 466 462 458 457 455 444 443 439 431 416 400 396 381 366 352 348 347 338 329 315 308 276 267 252 249 248 228 224 215 214 212 211 187 186 185 140 139 138 137 136 135 134 133 126 125 124 123 122 121 120 119 118 117 116 115 114 113 112 111 71 70 69 68 67 66 35 34 33 32 31 28 27 26 25 24 17 16
>  110 1189 1182 1168 1144 1069 1023 1021 1013 999 830 826 825 798 752 748 727 715 708 685 677 666 638 615 596 565 558 541 531 515 509 507 468 465 438 426 422 418 406 399 381 367 355 339 332 309 280 279 273 266 263 262 247 234 222 212 209 207 181 180 179 178 177 176 175 174 126 125 124 123 122 121 120 119 104 103 102 101 100 99 98 91 90 89 59 17 12 11 7 6 5 4 3 2
>  111 1102 890 608 601 502 396 338 329 276 248 224 215 187 186 185 140 139 138 137 71 70 69 68 67 66 35 34 33 32 31
>  112 1194 1182 1166 1148 1144 1122 1109 1090 1089 1079 1069 1066 1050 1040 1024 1021 1012 1009 1002 984 959 937 916 898 891 885 879 852 823 806 796 791 755 731 723 709 706 696 682 676 672 666 665 658 653 650 648 645 641 629 615 614 590 582 558 557 555 553 550 535 531 526 521 519 518 515 511 509 488 481 475 473 468 454 453 446 436 427 426 419 418 409 394 381 367 361 359 355 339 332 331 324 292 262 257 251 242 233 230 229 222 221 217 212 210 181 180 179 178 177 176 175 174 173 172 171 170 154 153 152 151 150 149 148 126 125 124 123 122 121 120 119 110 109 108 107 106 105 59 57 56 55 54 53 52 39 38 17 15 14 13
>  113 1227 1220 1218 1212 1210 1209 1201 1198 1195 1193 1185 1183 1182 1181 1172 1165 1160 1151 1150 1145 1141 1136 1131 1130 1129 1125 1119 1118 1112 1101 1100 1097 1092 1090 1089 1086 1083 1080 1066 1057 1052 1049 1044 1040 1038 1036 1035 1033 1028 1024 1020 1019 1012 1011 1005 1003 999 993 992 991 990 989 981 976 972 964 957 956 949 947 946 943 935 934 930 927 924 920 916 914 912 907 902 901 900 897 893 889 886 878 876 872 868 865 863 861 860 854 850 846 845 842 837 834 823 822 820 818 816 811 809 806 805 804 803 802 800 799 797 795 791 788 786 777 776 775 774 773 769 763 754 738 735 734 731 730 729 711 709 706 699 695 694 692 688 682 679 677 675 673 657 656 655 645 641 637 634 633 631 629 620 616 614 609 605 585 579 574 572 568 567 564 563 557 549 546 545 541 533 525 521 518 514 512 511 505 496 485 483 476 473 469 457 454 452 450 445 440 437 433 432 430 428 426 425 420 419 414 410 404 400 393 389 378 377 376 370 362 354 351 349 340 334 328 325 323 315 313 304 294 289 284 281 279 274 266 262 260 255 251 247 242 241 233 230 222 221 217 214 211 207 206 181 180 179 178 177 176 175 174 173 172 171 154 153 152 151 150 149 148 136 135 134 118 117 116 115 114 113 112 111 91 90 89 88 87 86 85 84 83 82 81 59 57 56 55 54 53 52 39 38 29 28 27 26 25 24 16 7 6 5 4 3 2 1
>  114 1023 1013 825 748 685 615 565 507 465 438 422 399 381 279 266 247 212 207 126 125 124 123 122 121 120 119 91 90 89 17 7 6 5 4 3 2
>  115 1178 1094 955 942 711 655 625 598 593 513 508 500 417 392 326 315 297 216 214 147 146 145 144 143 142 141 136 135 134 37 36 29 28 27 26 25 24
>  116 1174 1057 1033 845 710 686 639 605 445 414 412 376 374 373 327 323 284 279 272 266 247 208 207 206 97 96 95 94 93 92 91 90 89 88 87 86 85 84 83 82 81 10 9 8 7 6 5 4 3 2 1
>  117 1101 1083 927 886 834 675 673 512 496 469 457 362 279 266 247 211 207 118 117 116 115 114 113 112 111 91 90 89 16 7 6 5 4 3 2
>  118 710 686 412 327 272 208 97 96 95 94 93 92 10 9 8
>  119 1222 1216 1174 1158 1145 1101 1084 1083 1080 1067 1053 1051 1048 1039 1031 1027 1026 1017 995 987 966 962 961 950 931 927 924 897 886 834 808 797 768 764 758 754 730 711 710 695 687 686 678 675 673 655 652 646 639 607 586 584 575 571 561 520 517 512 510 504 501 497 496 491 486 484 469 457 442 432 412 400 391 388 375 374 373 365 362 351 349 327 316 315 303 283 279 272 269 266 247 239 225 214 211 208 207 191 190 189 188 136 135 134 118 117 116 115 114 113 112 111 97 96 95 94 93 92 91 90 89 76 75 74 73 72 29 28 27 26 25 24 16 10 9 8 7 6 5 4 3 2
>  120 1203 1189 1178 1101 1083 975 928 927 911 886 855 834 830 807 770 752 749 727 715 708 702 683 675 673 638 636 625 598 596 593 530 512 503 500 498 496 492 469 457 417 406 401 362 309 297 295 280 279 273 266 263 247 234 216 211 209 207 147 146 145 144 143 142 141 118 117 116 115 114 113 112 111 104 103 102 101 100 99 98 91 90 89 37 36 16 12 11 7 6 5 4 3 2
>  121 710 686 412 327 272 208 97 96 95 94 93 92 10 9 8
>  122 1182 1168 1144 1069 1023 1021 1013 999 826 825 798 748 685 677 666 615 565 558 541 531 515 509 507 468 465 438 426 422 418 399 381 367 355 339 332 279 266 262 247 222 212 207 181 180 179 178 177 176 175 174 126 125 124 123 122 121 120 119 91 90 89 59 17 7 6 5 4 3 2
>  123 1224 1208 1204 1180 1173 1171 1155 1143 1121 1119 1112 1108 1105 1102 1101 1088 1083 1068 1062 1057 1033 1032 1029 1023 1016 1013 1006 982 973 960 951 927 919 904 890 886 884 857 851 845 843 834 831 825 824 821 766 765 751 748 728 724 720 717 707 705 701 690 685 680 675 673 663 660 649 644 640 627 626 615 608 606 605 601 594 589 587 580 576 566 565 564 551 547 543 539 537 512 507 502 496 490 479 477 470 469 465 457 455 445 444 443 439 438 431 422 414 399 396 385 381 376 366 362 343 338 329 323 321 312 308 284 279 276 274 271 267 266 261 256 252 249 248 247 228 224 223 215 212 211 207 206 187 186 185 184 183 182 140 139 138 137 126 125 124 123 122 121 120 119 118 117 116 115 114 113 112 111 91 90 89 88 87 86 85 84 83 82 81 71 70 69 68 67 66 65 64 63 62 61 60 35 34 33 32 31 17 16 7 6 5 4 3 2 1
>  124 1219 1214 1182 1146 1113 1043 1025 1000 999 996 918 677 624 619 541 495 478 467 447 441 429 426 413 403 299 279 266 262 247 240 222 213 207 181 180 179 178 177 176 175 174 130 129 128 91 90 89 59 23 22 21 20 19 18 7 6 5 4 3 2
>  125 1205 1178 1099 1094 958 955 942 910 750 747 726 711 704 625 598 593 542 513 508 500 494 417 392 368 348 326 315 297 258 227 216 214 205 204 203 202 201 200 199 198 147 146 145 144 143 142 141 136 135 134 133 80 37 36 28 27 26 25 24
>  126 1023 1013 825 748 685 615 565 507 465 438 422 399 381 279 266 247 212 207 126 125 124 123 122 121 120 119 91 90 89 17 7 6 5 4 3 2
>  127 1185 993 964 914 709 682 679 657 656 616 549 525 505 428 279 266 247 221 207 173 172 171 91 90 89 57 56 55 54 53 52 7 6 5 4 3 2
>  128 1174 710 686 639 412 374 373 327 279 272 266 247 208 207 97 96 95 94 93 92 91 90 89 10 9 8 7 6 5 4 3 2
>  129 1223 1220 1195 1182 1180 1171 1155 1151 1145 1143 1134 1123 1114 1106 1101 1100 1088 1083 1080 1073 1068 1061 1037 1036 1029 1019 1011 1006 999 991 927 924 921 901 897 888 886 883 868 865 861 842 837 834 831 804 797 763 754 751 743 732 730 729 713 711 701 695 694 692 680 677 675 673 671 663 655 626 599 589 576 545 543 541 512 496 493 485 483 480 477 476 469 463 458 457 452 432 426 400 393 371 362 354 351 349 348 335 321 315 289 279 271 266 262 261 260 256 247 223 222 214 211 207 184 183 182 181 180 179 178 177 176 175 174 136 135 134 133 118 117 116 115 114 113 112 111 91 90 89 65 64 63 62 61 60 59 29 28 27 26 25 24 16 7 6 5 4 3 2
>  130
>  131 1192 1182 1178 1147 1107 999 997 939 770 749 739 702 677 636 625 603 598 593 541 500 498 426 417 401 397 297 295 288 279 266 262 247 246 222 216 207 181 180 179 178 177 176 175 174 147 146 145 144 143 142 141 91 90 89 59 37 36 7 6 5 4 3 2
>  132 1182 999 677 541 426 279 266 262 247 222 207 181 180 179 178 177 176 175 174 91 90 89 59 7 6 5 4 3 2
>  133 1174 1101 1084 1083 1051 1026 1017 987 961 931 927 886 834 768 710 687 686 675 673 646 639 571 517 512 504 496 484 469 457 412 374 373 362 327 279 272 266 247 211 208 207 118 117 116 115 114 113 112 111 97 96 95 94 93 92 91 90 89 16 10 9 8 7 6 5 4 3 2
>  134 1102 890 608 601 502 396 338 329 276 248 224 215 187 186 185 140 139 138 137 71 70 69 68 67 66 35 34 33 32 31
>  135 1225 1182 1181 1169 1149 1142 1130 1097 1075 1072 1035 1003 972 946 936 901 889 871 865 863 859 858 846 802 780 744 723 711 692 658 631 620 618 585 569 567 528 485 476 464 450 430 426 421 414 411 410 393 378 370 359 358 348 342 340 323 315 314 292 281 265 262 257 222 214 210 206 181 180 179 178 177 176 175 174 136 135 134 133 110 109 108 107 106 105 88 87 86 85 84 83 82 81 59 28 27 26 25 24 15 14 13 1
>  136 1219 1156 1121 1057 1043 1033 1032 1023 1013 982 951 845 825 794 748 685 660 659 619 615 605 565 534 522 507 490 487 479 467 465 447 445 438 422 414 413 399 385 381 380 376 330 323 284 279 266 247 240 213 212 207 206 130 129 128 126 125 124 123 122 121 120 119 91 90 89 88 87 86 85 84 83 82 81 23 22 21 20 19 18 17 7 6 5 4 3 2 1
>  137 1182 999 828 677 627 608 604 602 591 587 541 435 426 369 305 279 268 266 262 247 238 222 215 207 181 180 179 178 177 176 175 174 140 139 138 137 91 90 89 59 35 34 33 32 31 7 6 5 4 3 2
>  138 1101 1083 927 886 834 675 673 512 496 469 457 362 279 266 247 211 207 118 117 116 115 114 113 112 111 91 90 89 16 7 6 5 4 3 2
>  139 1216 1171 1127 1088 1068 1027 995 988 983 950 836 703 701 689 663 627 626 608 588 587 501 497 491 486 449 391 388 387 386 375 365 364 321 303 279 271 269 266 261 256 247 225 223 215 207 191 190 189 188 184 183 182 140 139 138 137 91 90 89 76 75 74 73 72 65 64 63 62 61 60 35 34 33 32 31 7 6 5 4 3 2
>  140 1182 1152 999 875 677 664 622 595 541 482 426 298 279 266 262 247 222 219 207 181 180 179 178 177 176 175 174 167 166 165 164 163 162 91 90 89 59 44 43 42 7 6 5 4 3 2
>  141 1171 1068 663 626 608 271 261 223 215 184 183 182 140 139 138 137 65 64 63 62 61 60 35 34 33 32 31
>  142 1182 1057 1033 1003 999 972 956 946 846 845 818 802 788 677 631 620 605 585 567 541 445 430 426 414 410 378 376 340 323 284 281 279 266 262 247 222 207 206 181 180 179 178 177 176 175 174 91 90 89 88 87 86 85 84 83 82 81 59 7 6 5 4 3 2 1
>  143 1198 1185 1182 1160 1090 1089 1066 1040 1024 1020 1012 999 993 964 916 914 878 854 823 811 809 806 805 799 791 731 709 706 688 682 679 677 657 656 645 641 629 616 614 574 557 549 546 541 525 521 518 511 505 473 454 428 426 419 328 279 266 262 255 251 247 242 233 230 222 221 217 207 181 180 179 178 177 176 175 174 173 172 171 154 153 152 151 150 149 148 91 90 89 59 57 56 55 54 53 52 39 38 7 6 5 4 3 2
>  144 710 686 412 327 272 208 97 96 95 94 93 92 10 9 8
>  145 1229 1224 1223 1220 1206 1204 1202 1199 1187 1182 1173 1167 1154 1145 1144 1142 1128 1108 1096 1091 1087 1081 1076 1069 1062 1042 1036 1021 1019 1016 1015 1011 1004 1001 991 984 977 973 965 960 944 941 936 929 919 917 913 904 901 888 884 871 865 859 853 847 843 842 838 824 817 797 780 766 763 753 744 741 729 728 724 723 717 711 707 705 694 692 690 684 676 672 669 667 666 658 653 649 640 630 618 615 594 580 562 560 558 551 545 540 535 531 528 516 515 512 509 496 485 483 476 471 470 468 458 457 455 452 443 439 431 426 421 418 416 411 400 395 394 393 381 367 363 359 358 355 354 352 348 347 342 339 332 315 308 301 292 289 267 265 262 260 257 252 250 249 224 222 214 212 211 210 187 186 185 181 180 179 178 177 176 175 174 136 135 134 133 126 125 124 123 122 121 120 119 118 117 116 115 114 113 112 111 110 109 108 107 106 105 71 70 69 68 67 66 59 28 27 26 25 24 17 16 15 14 13
>  146 1182 1160 1066 1024 1020 999 878 823 688 677 645 641 629 614 574 546 541 511 426 328 279 266 262 255 251 247 242 233 230 222 217 207 181 180 179 178 177 176 175 174 154 153 152 151 150 149 148 91 90 89 59 39 38 7 6 5 4 3 2
>  147 1223 1150 1145 1118 1093 1086 1064 1044 1038 930 876 819 815 797 711 709 682 633 563 514 512 496 459 458 457 420 404 400 382 379 348 334 333 315 307 304 296 241 221 214 211 173 172 171 136 135 134 133 132 131 118 117 116 115 114 113 112 111 57 56 55 54 53 52 26 25 24 16
>  148 1223 1220 1213 1208 1206 1182 1154 1145 1124 1105 1102 1096 1091 1062 1059 1054 1036 1019 1016 1015 1011 1004 991 985 977 970 945 938 901 899 894 890 888 887 865 857 851 847 842 828 817 797 779 765 763 757 753 741 729 724 720 714 711 694 692 630 608 604 602 601 591 578 547 545 540 539 512 502 496 485 483 476 471 470 466 462 458 457 452 444 443 435 426 416 400 396 395 393 369 366 363 354 352 348 347 338 329 315 308 305 289 276 268 262 260 248 238 228 224 222 215 214 211 187 186 185 181 180 179 178 177 176 175 174 140 139 138 137 136 135 134 133 118 117 116 115 114 113 112 111 71 70 69 68 67 66 59 35 34 33 32 31 28 27 26 25 24 16
>  149 1189 1152 875 830 752 727 715 708 664 638 622 596 595 482 406 309 298 280 279 273 266 263 247 234 219 209 207 167 166 165 164 163 162 104 103 102 101 100 99 98 91 90 89 44 43 42 12 11 7 6 5 4 3 2
>  150 1189 638 596 414 323 280 209 206 104 103 102 101 100 99 98 88 87 86 85 84 83 82 81 12 11 1
>  151 1229 1223 1220 1204 1202 1199 1187 1182 1173 1167 1165 1150 1148 1145 1144 1125 1118 1093 1089 1087 1086 1076 1069 1064 1044 1042 1040 1038 1036 1021 1019 1011 1001 991 990 981 965 941 930 929 913 904 901 895 888 884 879 876 872 865 853 852 842 838 815 803 797 774 763 735 729 717 711 709 707 706 694 692 690 682 669 666 650 633 615 594 563 562 560 558 551 545 531 521 516 515 514 512 509 496 485 483 481 476 468 458 457 455 454 453 452 439 437 427 426 420 418 404 400 393 381 367 355 354 348 339 334 333 332 331 315 304 289 267 262 260 252 241 229 222 221 214 212 211 181 180 179 178 177 176 175 174 173 172 171 136 135 134 133 126 125 124 123 122 121 120 119 118 117 116 115 114 113 112 111 59 57 56 55 54 53 52 28 27 26 25 24 17 16
>  152 1198 1185 1090 1012 993 964 916 914 809 806 805 799 709 688 682 679 657 656 645 629 616 574 557 549 546 525 518 511 505 473 428 419 328 279 266 255 247 242 230 221 217 207 173 172 171 154 153 152 151 150 149 148 91 90 89 57 56 55 54 53 52 39 38 7 6 5 4 3 2
>  153 1223 1220 1194 1190 1186 1184 1182 1165 1150 1145 1142 1128 1125 1118 1098 1093 1089 1086 1085 1081 1074 1065 1064 1047 1044 1040 1038 1036 1034 1019 1011 991 990 981 978 974 971 969 944 936 930 901 895 888 882 881 876 872 871 865 859 856 842 819 815 803 797 780 774 772 763 760 744 740 735 729 723 721 711 709 706 694 692 684 682 667 661 658 648 633 618 617 582 563 555 545 528 521 514 512 499 496 485 483 476 459 458 457 456 454 452 437 426 423 421 420 411 404 400 393 382 379 359 358 354 348 342 334 333 324 318 315 307 304 301 296 292 289 265 262 260 257 250 241 222 221 214 211 210 181 180 179 178 177 176 175 174 173 172 171 170 136 135 134 133 132 131 118 117 116 115 114 113 112 111 110 109 108 107 106 105 59 58 57 56 55 54 53 52 28 27 26 25 24 16 15 14 13
>  154 279 266 247 207 91 90 89 7 6 5 4 3 2
>  155 1142 871 859 711 658 618 528 421 411 359 358 348 342 315 265 257 214 210 136 135 134 133 110 109 108 107 106 105 28 27 26 25 24 15 14 13
>  156 1220 1182 1151 1145 1036 1019 1011 991 924 901 865 842 797 763 729 711 694 692 655 545 512 496 485 483 476 457 452 426 400 393 354 351 315 289 262 260 222 214 211 181 180 179 178 177 176 175 174 136 135 134 118 117 116 115 114 113 112 111 59 29 28 27 26 25 24 16
>  157 279 266 247 207 91 90 89 7 6 5 4 3 2
>  158 279 266 247 207 91 90 89 7 6 5 4 3 2
>  159 1171 1088 1068 701 663 626 321 279 271 266 261 256 247 223 207 184 183 182 91 90 89 65 64 63 62 61 60 7 6 5 4 3 2
>  160 1178 770 749 702 636 625 598 593 500 498 417 401 297 295 279 266 247 216 207 147 146 145 144 143 142 141 91 90 89 37 36 7 6 5 4 3 2
>  161 1152 1119 1112 1101 1083 1057 1033 927 886 875 845 834 675 673 664 622 605 595 564 512 496 482 469 457 445 414 376 362 323 298 284 279 274 266 247 219 211 207 206 167 166 165 164 163 162 118 117 116 115 114 113 112 111 91 90 89 88 87 86 85 84 83 82 81 44 43 42 16 7 6 5 4 3 2 1
>  162
>  163 1178 1171 1161 1116 1106 1104 1094 1088 1080 1068 1056 955 942 921 883 833 778 770 754 749 747 732 730 713 711 702 701 695 671 663 636 626 625 599 598 593 577 513 508 500 498 463 432 417 401 392 371 349 348 335 326 321 315 297 295 293 279 271 266 261 256 253 247 223 216 214 207 184 183 182 147 146 145 144 143 142 141 136 135 134 133 91 90 89 65 64 63 62 61 60 37 36 28 27 26 25 24 7 6 5 4 3 2
>  164
>  165 710 686 412 327 272 208 97 96 95 94 93 92 10 9 8
>  166 566 312 279 266 247 224 207 187 186 185 91 90 89 71 70 69 68 67 66 7 6 5 4 3 2
>  167 1194 1185 1182 1165 1151 1125 1118 1100 1080 1044 999 993 964 930 914 901 876 865 854 837 775 774 772 754 735 730 711 709 706 695 692 682 679 677 657 656 655 616 563 549 541 525 514 505 485 476 437 432 428 426 404 393 349 315 304 279 266 262 247 222 221 214 207 181 180 179 178 177 176 175 174 173 172 171 170 136 135 134 91 90 89 59 56 55 54 53 52 29 28 27 26 25 24 7 6 5 4 3 2
>  168 1210 1181 1092 1080 1057 1033 935 907 889 845 711 695 655 634 630 605 566 540 450 445 432 414 376 370 352 349 347 323 315 312 284 279 266 247 224 214 207 206 187 186 185 136 135 91 90 89 88 87 86 85 84 83 82 81 71 70 69 68 67 66 30 29 28 27 26 25 24 7 6 5 4 3 2 1
>  169 711 348 315 214 136 135 134 133 28 27 26 25 24
>  170 658 359 257 210 110 109 108 107 106 105 15 14 13
>  171 1189 1182 999 830 752 727 715 708 677 638 596 541 426 406 309 280 279 273 266 263 262 247 234 222 209 207 181 180 179 178 177 176 175 174 104 103 102 101 100 99 98 91 90 89 59 12 11 7 6 5 4 3 2
>  172 1194 1182 1166 1148 1144 1122 1109 1090 1089 1079 1069 1066 1050 1040 1024 1021 1012 1009 1002 984 959 937 916 898 891 885 879 852 823 806 796 791 755 731 723 709 706 696 682 676 672 666 665 658 653 650 648 645 641 629 615 614 590 582 558 557 555 553 550 535 531 526 521 519 518 515 511 509 488 481 475 473 468 454 453 446 436 427 426 419 418 409 394 381 367 361 359 355 339 332 331 324 292 262 257 251 242 233 230 229 222 221 217 212 210 181 180 179 178 177 176 175 174 173 172 171 170 154 153 152 151 150 149 148 126 125 124 123 122 121 120 119 110 109 108 107 106 105 59 57 56 55 54 53 52 39 38 17 15 14 13
>  173 1182 1151 1129 1066 1024 934 901 865 823 711 692 655 645 641 629 614 533 511 485 476 440 426 393 315 262 251 242 233 230 222 217 214 181 180 179 178 177 176 175 174 154 153 152 151 150 149 148 136 135 134 59 39 38 29 28 27 26 25 24
>  174 1219 1180 1179 1171 1155 1143 1101 1088 1083 1068 1043 1029 1006 927 886 834 831 751 716 701 680 675 673 663 626 621 619 597 589 576 543 512 496 477 474 469 467 457 447 413 362 321 279 271 266 261 256 247 240 223 213 211 207 184 183 182 130 129 128 118 117 116 115 114 113 112 111 91 90 89 65 64 63 62 61 60 23 22 21 20 19 18 16 7 6 5 4 3 2
>  175 1174 1101 1084 1083 1051 1026 1017 987 961 931 927 886 834 768 710 687 686 675 673 646 639 571 517 512 504 496 484 469 457 412 374 373 362 327 279 272 266 247 211 208 207 118 117 116 115 114 113 112 111 97 96 95 94 93 92 91 90 89 16 10 9 8 7 6 5 4 3 2
>  176 1178 1116 1094 1080 955 942 833 778 770 754 749 747 730 711 702 695 636 625 598 593 513 508 500 498 432 417 401 392 371 349 348 326 315 297 295 279 266 247 216 214 207 147 146 145 144 143 142 141 136 135 134 133 91 90 89 37 36 28 27 26 25 24 7 6 5 4 3 2
>  177 1228 1223 1220 1194 1190 1186 1184 1182 1165 1151 1150 1145 1142 1128 1125 1118 1093 1089 1086 1081 1077 1074 1064 1047 1044 1040 1038 1036 1019 1011 991 990 981 969 944 936 930 924 901 895 888 876 872 871 865 859 842 815 803 797 780 774 772 763 744 735 729 723 711 709 706 694 692 684 682 667 658 655 648 633 618 582 563 555 545 528 521 514 512 496 485 483 476 458 457 454 452 437 426 421 420 411 404 400 393 359 358 354 351 348 342 334 333 324 315 304 301 292 289 265 262 260 257 250 241 222 221 214 211 210 181 180 179 178 177 176 175 174 173 172 171 170 136 135 134 133 118 117 116 115 114 113 112 111 110 109 108 107 106 105 59 57 56 55 54 53 52 30 29 28 27 26 25 24 16 15 14 13
>  178 710 686 615 412 381 327 272 212 208 126 125 124 123 122 121 120 119 97 96 95 94 93 92 17 10 9 8
>  179 1152 875 664 622 595 482 298 279 266 247 219 207 167 166 165 164 163 162 91 90 89 44 43 42 7 6 5 4 3 2
>  180 1182 999 677 541 426 279 266 262 247 222 207 181 180 179 178 177 176 175 174 91 90 89 59 7 6 5 4 3 2
>  181 1171 1068 821 725 663 644 626 615 606 570 537 381 343 310 271 261 223 218 212 184 183 182 161 160 159 158 157 156 155 126 125 124 123 122 121 120 119 65 64 63 62 61 60 41 40 17
>  182 1182 1174 1103 1055 999 940 793 710 686 677 654 639 541 472 426 412 374 373 344 327 317 279 272 266 262 247 222 208 207 181 180 179 178 177 176 175 174 97 96 95 94 93 92 91 90 89 59 10 9 8 7 6 5 4 3 2
>  183 1194 1182 1090 1089 1066 1040 1024 1012 916 823 806 791 731 709 706 682 645 641 629 614 557 521 518 511 473 454 426 419 262 251 242 233 230 222 221 217 181 180 179 178 177 176 175 174 173 172 171 170 154 153 152 151 150 149 148 59 57 56 55 54 53 52 39 38
>  184 1226 1225 1189 1182 1169 1159 1137 1072 1071 1057 1046 1033 1003 999 972 956 946 923 909 846 845 830 818 814 802 788 752 727 723 715 708 677 658 638 631 620 605 596 585 581 567 541 527 464 451 445 430 426 424 414 410 406 378 376 359 340 336 323 322 309 292 284 281 280 279 273 266 263 262 257 247 237 234 222 210 209 207 206 181 180 179 178 177 176 175 174 110 109 108 107 106 105 104 103 102 101 100 99 98 91 90 89 88 87 86 85 84 83 82 81 59 15 14 13 12 11 7 6 5 4 3 2 1
>  185 1223 1220 1182 1171 1145 1143 1134 1114 1073 1068 1036 1029 1019 1011 1006 991 901 888 865 842 831 797 763 743 732 729 713 711 694 692 680 671 663 626 599 589 576 545 543 512 496 493 485 483 480 477 476 463 458 457 452 426 400 393 354 348 335 315 289 271 262 261 260 223 222 214 211 184 183 182 181 180 179 178 177 176 175 174 136 135 134 133 118 117 116 115 114 113 112 111 65 64 63 62 61 60 59 28 27 26 25 24 16
>  186 1165 1150 1145 1125 1118 1086 1044 1038 930 924 876 872 797 711 709 682 655 633 563 514 512 496 457 437 420 404 400 351 334 315 304 241 221 214 211 173 172 171 136 135 134 118 117 116 115 114 113 112 111 57 56 55 54 53 52 29 28 27 26 25 24 16
>  187 1202 1087 941 926 880 711 669 655 615 560 516 381 315 214 212 136 135 134 126 125 124 123 122 121 120 119 29 28 27 26 25 24 17
>  188 1219 1179 1156 1119 1112 1101 1083 1057 1043 1033 927 886 845 834 794 716 675 673 659 621 619 605 597 564 534 522 512 496 487 474 469 467 457 447 445 414 413 380 376 362 330 323 284 279 274 266 247 240 213 211 207 206 130 129 128 118 117 116 115 114 113 112 111 91 90 89 88 87 86 85 84 83 82 81 23 22 21 20 19 18 16 7 6 5 4 3 2 1
>  189 1198 1185 1090 1012 993 964 916 914 809 806 805 799 709 688 682 679 657 656 645 629 616 574 557 549 546 525 518 511 505 473 428 419 328 279 266 255 247 242 230 221 217 207 173 172 171 154 153 152 151 150 149 148 91 90 89 57 56 55 54 53 52 39 38 7 6 5 4 3 2
>  190 279 266 247 207 91 90 89 7 6 5 4 3 2
>  191 1188 1178 1174 1121 1057 1033 1032 1023 1013 982 951 845 825 770 749 748 710 702 697 686 685 668 660 639 636 625 615 612 605 598 593 565 507 500 498 490 479 465 461 445 438 422 417 414 412 401 399 385 381 376 374 373 327 323 297 295 291 284 279 272 266 254 247 216 212 208 207 206 147 146 145 144 143 142 141 126 125 124 123 122 121 120 119 97 96 95 94 93 92 91 90 89 88 87 86 85 84 83 82 81 37 36 17 10 9 8 7 6 5 4 3 2 1
>  192 1182 1168 1152 1144 1069 1023 1021 1013 999 875 826 825 798 748 685 677 666 664 622 615 595 565 558 541 531 515 509 507 482 468 465 438 426 422 418 399 381 367 355 339 332 298 279 266 262 247 222 219 212 207 181 180 179 178 177 176 175 174 167 166 165 164 163 162 126 125 124 123 122 121 120 119 91 90 89 59 44 43 42 17 7 6 5 4 3 2
>  193
>  194 1227 1220 1218 1212 1210 1209 1201 1198 1195 1193 1185 1183 1182 1181 1172 1165 1160 1151 1150 1145 1141 1136 1131 1130 1129 1125 1119 1118 1112 1101 1100 1097 1092 1090 1089 1086 1083 1080 1066 1057 1052 1049 1044 1040 1038 1036 1035 1033 1028 1024 1020 1019 1012 1011 1005 1003 999 993 992 991 990 989 981 976 972 964 957 956 949 947 946 943 935 934 930 927 924 920 916 914 912 907 902 901 900 897 893 889 886 878 876 872 868 865 863 861 860 854 850 846 845 842 837 834 823 822 820 818 816 811 809 806 805 804 803 802 800 799 797 795 791 788 786 777 776 775 774 773 769 763 754 738 735 734 731 730 729 711 709 706 699 695 694 692 688 682 679 677 675 673 657 656 655 645 641 637 634 633 631 629 620 616 614 609 605 585 579 574 572 568 567 564 563 557 549 546 545 541 533 525 521 518 514 512 511 505 496 485 483 476 473 469 457 454 452 450 445 440 437 433 432 430 428 426 425 420 419 414 410 404 400 393 389 378 377 376 370 362 354 351 349 340 334 328 325 323 315 313 304 294 289 284 281 279 274 266 262 260 255 251 247 242 241 233 230 222 221 217 214 211 207 206 181 180 179 178 177 176 175 174 173 172 171 154 153 152 151 150 149 148 136 135 134 118 117 116 115 114 113 112 111 91 90 89 88 87 86 85 84 83 82 81 59 57 56 55 54 53 52 39 38 29 28 27 26 25 24 16 7 6 5 4 3 2 1
>  195 710 686 645 629 511 412 327 272 242 230 217 208 154 153 152 151 150 149 148 97 96 95 94 93 92 39 38 10 9 8
>  196 688 645 629 574 546 511 328 279 266 255 247 242 230 217 207 154 153 152 151 150 149 148 91 90 89 39 38 7 6 5 4 3 2
>  197 1198 1185 1182 1160 1090 1089 1066 1040 1024 1020 1012 999 993 964 916 914 878 854 823 811 809 806 805 799 791 731 709 706 688 682 679 677 657 656 645 641 629 616 614 574 557 549 546 541 525 521 518 511 505 473 454 428 426 419 328 279 266 262 255 251 247 242 233 230 222 221 217 207 181 180 179 178 177 176 175 174 173 172 171 154 153 152 151 150 149 148 91 90 89 59 57 56 55 54 53 52 39 38 7 6 5 4 3 2
>  198 447 213 130 129 128 23 22 21 20 19 18
>  199 1182 1066 1024 823 645 641 629 614 511 426 262 251 242 233 230 222 217 181 180 179 178 177 176 175 174 154 153 152 151 150 149 148 59 39 38
>  200 1205 1171 1099 1068 958 910 750 732 726 713 711 704 671 663 655 626 599 542 494 463 368 335 315 271 261 258 227 223 214 205 204 203 202 201 200 199 198 184 183 182 136 135 134 80 65 64 63 62 61 60 29 28 27 26 25 24
>  201 1210 1181 1092 1080 1057 1033 935 907 889 845 754 730 711 695 655 634 605 450 445 432 414 376 370 349 323 315 284 279 266 247 214 207 206 136 135 134 91 90 89 88 87 86 85 84 83 82 81 29 28 27 26 25 24 7 6 5 4 3 2 1
>  202 1189 638 608 596 414 323 280 215 209 206 140 139 138 137 104 103 102 101 100 99 98 88 87 86 85 84 83 82 81 35 34 33 32 31 12 11 1
>  203 1194 1182 1166 1148 1144 1122 1109 1090 1089 1069 1066 1050 1040 1024 1021 1012 1009 1002 959 937 916 898 891 885 879 852 823 806 796 791 731 709 706 696 682 666 665 650 645 641 629 615 614 590 558 557 553 531 526 521 519 518 515 511 509 488 481 475 473 468 454 453 446 436 427 426 419 418 409 381 367 355 339 332 331 262 251 242 233 230 229 222 221 217 212 181 180 179 178 177 176 175 174 173 172 171 170 154 153 152 151 150 149 148 126 125 124 123 122 121 120 119 59 57 56 55 54 53 52 39 38 17
>  204 1198 1185 1182 1160 1090 1089 1066 1040 1024 1020 1012 999 993 964 916 914 878 854 823 811 809 806 805 799 791 731 709 706 688 682 679 677 657 656 645 641 629 616 614 574 557 549 546 541 525 521 518 511 505 473 454 428 426 419 328 279 266 262 255 251 247 242 233 230 222 221 217 207 181 180 179 178 177 176 175 174 173 172 171 154 153 152 151 150 149 148 91 90 89 59 57 56 55 54 53 52 39 38 7 6 5 4 3 2
>  205 279 266 247 207 91 90 89 7 6 5 4 3 2
>  206 1220 1198 1195 1185 1183 1182 1165 1160 1151 1150 1145 1131 1129 1125 1118 1101 1100 1090 1089 1086 1083 1080 1066 1044 1040 1038 1036 1024 1020 1019 1012 1011 1005 999 993 991 990 981 976 964 957 947 934 930 927 924 916 914 912 901 900 897 886 878 876 872 868 865 861 854 850 842 837 834 823 811 809 806 805 804 803 800 799 797 791 786 777 775 774 763 754 738 735 734 731 730 729 711 709 706 695 694 692 688 682 679 677 675 673 657 656 655 645 641 633 629 616 614 574 563 557 549 546 545 541 533 525 521 518 514 512 511 505 496 485 483 476 473 469 457 454 452 440 437 432 428 426 420 419 404 400 393 389 362 354 351 349 334 328 325 315 304 289 279 266 262 260 255 251 247 242 241 233 230 222 221 217 214 211 207 181 180 179 178 177 176 175 174 173 172 171 154 153 152 151 150 149 148 136 135 134 118 117 116 115 114 113 112 111 91 90 89 59 57 56 55 54 53 52 39 38 29 28 27 26 25 24 16 7 6 5 4 3 2
>  207 279 266 247 207 91 90 89 7 6 5 4 3 2
>  208 1189 1182 1003 972 946 846 828 802 638 631 620 608 604 602 596 591 585 567 435 430 426 414 410 378 369 340 323 305 281 280 268 262 238 222 215 209 206 181 180 179 178 177 176 175 174 140 139 138 137 104 103 102 101 100 99 98 88 87 86 85 84 83 82 81 59 35 34 33 32 31 12 11 1
>  209 279 266 247 207 91 90 89 7 6 5 4 3 2
>  210 1227 1220 1218 1212 1210 1209 1201 1198 1195 1193 1185 1183 1182 1181 1172 1165 1160 1151 1150 1145 1141 1136 1131 1130 1129 1125 1119 1118 1112 1101 1100 1097 1092 1090 1089 1086 1083 1080 1066 1057 1052 1049 1044 1040 1038 1036 1035 1033 1028 1024 1020 1019 1012 1011 1005 1003 999 993 992 991 990 989 981 976 972 964 957 956 949 947 946 943 935 934 930 927 924 920 916 914 912 907 902 901 900 897 893 889 886 878 876 872 868 865 863 861 860 854 850 846 845 842 837 834 823 822 820 818 816 811 809 806 805 804 803 802 800 799 797 795 791 788 786 777 776 775 774 773 769 763 754 738 735 734 731 730 729 711 709 706 699 695 694 692 688 682 679 677 675 673 657 656 655 645 641 637 634 633 631 629 620 616 614 609 605 585 579 574 572 568 567 564 563 557 549 546 545 541 533 525 521 518 514 512 511 505 496 485 483 476 473 469 457 454 452 450 445 440 437 433 432 430 428 426 425 420 419 414 410 404 400 393 389 378 377 376 370 362 354 351 349 340 334 328 325 323 315 313 304 294 289 284 281 279 274 266 262 260 255 251 247 242 241 233 230 222 221 217 214 211 207 206 181 180 179 178 177 176 175 174 173 172 171 154 153 152 151 150 149 148 136 135 134 118 117 116 115 114 113 112 111 91 90 89 88 87 86 85 84 83 82 81 59 57 56 55 54 53 52 39 38 29 28 27 26 25 24 16 7 6 5 4 3 2 1
>  211 1189 1057 1033 845 830 752 727 715 708 638 605 596 445 414 406 376 323 309 284 280 279 273 266 263 247 234 209 207 206 104 103 102 101 100 99 98 91 90 89 88 87 86 85 84 83 82 81 12 11 7 6 5 4 3 2 1
>  212 1023 1013 825 748 685 615 565 507 465 438 422 399 381 279 266 247 212 207 126 125 124 123 122 121 120 119 91 90 89 17 7 6 5 4 3 2
>  213 719 224 213 187 186 185 130 129 128 127 71 70 69 68 67 66 22 21 20 19 18
>  214 1166 1122 1109 1050 1023 1013 1009 1002 959 937 898 891 885 825 796 748 696 688 685 665 645 629 615 590 574 565 553 546 526 519 511 507 488 475 465 446 438 436 422 409 399 381 328 279 266 255 247 242 230 217 212 207 154 153 152 151 150 149 148 126 125 124 123 122 121 120 119 91 90 89 39 38 17 7 6 5 4 3 2
>  215 1204 1203 1202 1178 1173 1145 1116 1110 1101 1094 1087 1083 1080 1060 1041 1023 1013 975 955 942 941 928 927 926 924 913 911 908 905 904 897 886 884 880 862 855 848 834 833 825 807 797 778 770 754 749 748 730 717 711 707 702 695 690 685 683 675 673 669 655 636 625 615 598 594 593 565 560 551 530 516 513 512 508 507 503 500 498 496 492 469 465 457 455 439 438 432 422 417 401 400 399 392 381 362 351 349 326 315 297 295 279 267 266 252 247 216 214 212 211 207 147 146 145 144 143 142 141 136 135 134 126 125 124 123 122 121 120 119 118 117 116 115 114 113 112 111 91 90 89 37 36 30 29 28 27 26 25 24 17 16 7 6 5 4 3 2
>  216 1210 1182 1181 1151 1130 1100 1097 1092 1080 1057 1035 1033 1003 999 972 956 946 935 907 901 889 865 863 846 845 837 818 802 788 754 730 711 695 692 677 655 634 631 620 605 585 567 541 485 476 450 445 432 430 426 414 410 393 378 376 370 349 340 323 315 284 281 279 266 262 247 222 214 207 206 181 180 179 178 177 176 175 174 136 135 134 91 90 89 88 87 86 85 84 83 82 81 59 29 28 27 26 25 24 7 6 5 4 3 2 1
>  217 1178 719 625 598 593 500 417 297 216 213 147 146 145 144 143 142 141 130 129 128 127 37 36 22 21 20 19 18
>  218 1182 1174 1103 1055 999 940 793 710 686 677 654 639 541 472 426 412 374 373 344 327 317 279 272 266 262 247 222 208 207 181 180 179 178 177 176 175 174 97 96 95 94 93 92 91 90 89 59 10 9 8 7 6 5 4 3 2
>  219 1189 830 752 727 715 708 638 596 406 309 280 279 273 266 263 247 234 209 207 104 103 102 101 100 99 98 91 90 89 12 11 7 6 5 4 3 2
>  220 1182 1036 1019 991 842 763 729 694 545 512 496 483 457 452 426 354 289 262 260 222 211 181 180 179 178 177 176 175 174 118 117 116 115 114 113 112 111 59 16
>  221 1195 1182 1101 1083 1036 1019 999 991 927 886 868 861 842 834 804 763 729 694 677 675 673 545 541 512 496 483 469 457 452 426 362 354 289 279 266 262 260 247 222 211 207 181 180 179 178 177 176 175 174 118 117 116 115 114 113 112 111 91 90 89 59 16 7 6 5 4 3 2
>  222 1223 1220 1213 1208 1206 1191 1182 1154 1145 1124 1117 1115 1105 1102 1096 1091 1062 1059 1054 1036 1019 1016 1015 1011 1004 1000 996 994 991 985 977 970 948 945 938 932 918 901 899 894 890 888 887 874 865 857 851 847 842 839 835 828 817 797 781 779 765 763 757 753 745 741 737 729 724 720 719 716 714 711 698 694 692 630 624 621 613 608 604 602 601 597 591 578 573 547 545 540 539 512 502 496 495 485 483 478 476 474 471 470 466 462 458 457 452 444 443 441 435 434 429 426 416 403 400 398 396 395 393 383 369 366 363 354 353 352 348 347 338 329 315 308 305 299 289 276 268 262 260 248 238 228 224 222 215 214 213 211 187 186 185 181 180 179 178 177 176 175 174 140 139 138 137 136 135 134 133 130 129 128 127 118 117 116 115 114 113 112 111 71 70 69 68 67 66 59 35 34 33 32 31 28 27 26 25 24 22 21 20 19 18 16
>  223 1223 1220 1218 1210 1203 1201 1196 1195 1192 1188 1185 1182 1181 1178 1177 1172 1170 1165 1153 1151 1150 1149 1147 1145 1139 1138 1132 1130 1125 1119 1118 1116 1112 1107 1101 1100 1097 1095 1094 1093 1092 1089 1086 1083 1080 1075 1064 1060 1057 1049 1044 1041 1040 1038 1036 1035 1033 1028 1019 1011 1007 1003 999 997 993 991 990 981 976 975 972 964 956 955 954 949 946 942 939 935 930 928 927 924 920 914 911 908 907 903 901 897 895 893 889 888 886 877 876 872 868 867 865 863 861 855 854 848 846 845 842 837 834 833 832 820 818 816 815 811 807 804 803 802 801 797 795 788 784 783 782 778 777 776 775 774 773 770 769 763 756 754 749 747 739 735 730 729 711 709 706 702 697 695 694 692 683 682 679 677 675 673 668 657 656 655 636 634 633 631 625 620 616 612 609 605 603 598 593 585 583 579 572 569 568 567 564 563 549 545 541 530 525 521 514 513 512 508 505 503 500 498 496 492 485 483 476 469 461 458 457 454 452 450 445 437 433 432 430 428 426 425 420 417 414 410 404 401 400 397 393 392 378 376 371 370 362 354 351 349 348 340 334 333 326 323 315 314 304 297 295 291 289 288 284 281 279 274 266 262 260 254 247 246 241 235 232 222 221 216 214 211 207 206 181 180 179 178 177 176 175 174 173 172 171 147 146 145 144 143 142 141 136 135 134 133 118 117 116 115 114 113 112 111 91 90 89 88 87 86 85 84 83 82 81 59 57 56 55 54 53 52 37 36 29 28 27 26 25 24 16 7 6 5 4 3 2 1
>  224 447 213 130 129 128 23 22 21 20 19 18
>  225 279 266 247 207 91 90 89 7 6 5 4 3 2
>  226 711 655 315 214 136 135 134 29 28 27 26 25 24
>  227 1182 1091 1004 999 677 566 541 471 426 395 363 312 279 266 262 247 224 222 207 187 186 185 181 180 179 178 177 176 175 174 91 90 89 71 70 69 68 67 66 59 7 6 5 4 3 2
>  228 1174 1171 1088 1068 710 701 686 663 639 626 412 374 373 327 321 279 272 271 266 261 256 247 223 208 207 184 183 182 97 96 95 94 93 92 91 90 89 65 64 63 62 61 60 10 9 8 7 6 5 4 3 2
>  229 1223 1185 1165 1150 1145 1125 1118 1101 1093 1086 1083 1080 1064 1044 1038 993 976 964 930 927 914 897 888 886 876 872 834 815 797 777 775 754 730 711 709 695 682 679 675 673 657 656 633 616 563 549 525 514 512 505 496 469 458 457 437 432 428 420 404 400 371 362 349 348 334 333 315 304 279 266 247 241 221 214 211 207 173 172 171 136 135 134 133 118 117 116 115 114 113 112 111 91 90 89 57 56 55 54 53 52 28 27 26 25 24 16 7 6 5 4 3 2
>  230 279 266 247 207 91 90 89 7 6 5 4 3 2
