570
2053
165
1523
288
277
3154
527
1965
3407
3403
2700
2371
588
2858
2212
1455
3418
596
1619
1330
2879
2908
186
540
1887
274
3107
1944
1403
709
3342
3130
1072
1389
2987
809
746
1990
2871
3184
399
520
177
2940
325
1778
2337
216
162
1262
838
2953
2194
3109
81
979
2604
438
1959
3466
3256
1311
2324
2781
106
2277
3367
2471
2950
423
302
2299
1671
1209
2958
1143
2584
3263
1877
2521
2373
390
899
1632
609
2394
464
2740
1868
2947
2506
2587
3419
2756
3041
744
2805
457
1583
1098
2276
583
1457
1175
3110
2400
3474
842
2812
878
333
2110
3382
1705
771
3177
1978
1356
1734
643
187
1684
516
914
2790
2453
1802
775
2140
2461
929
2395
3478
1706
1757
117
615
3095
3159
2721
3113
2884
1220
1667
2766
3321
2618
1766
2095
1385
999
199
2060
2965
652
1164
1557
181
1331
670
2323
480
977
606
2294
1776
3218
3010
2842
548
17
2052
1032
1750
2999
600
2952
1133
1546
2968
3306
127
1406
3446
1522
43
3173
815
130
805
2006
2207
3260
1201
2424
3219
1512
1210
1240
1872
1575
275
834
3386
3297
1938
474
2536
940
34
535
2336
2405
3473
3372
1847
1609
2560
1329
648
2736
1693
1268
2977
1205
2954
2557
1153
626
1420
1269
3458
433
934
1756
1223
1863
1184
3289
3271
3340
1163
2885
2615
2815
653
2926
3233
359
1482
3039
1094
1261
235
1710
1392
2995
3357
2327
1351
2896
1574
2133
3469
358
2831
2830
68
2266
1306
103
1957
137
1668
3001
562
221
1903
3053
2158
3230
101
3022
660
1364
3470
3060
3224
248
880
2022
2852
1989
2242
3127
2938
471
1410
1433
1547
2975
76
3
2523
2202
2039
2991
2200
2515
2245
2600
3282
1844
1639
2759
2880
1698
2767
2513
2485
1620
1429
2071
916
1147
912
1719
840
283
2647
2678
513
2627
305
3210
1459
2226
2737
2000
14
2111
2413
2936
2119
3121
1144
1738
1711
3162
59
1200
2347
2308
506
797
1826
478
1752
1598
728
1760
1508
1827
1308
2872
202
3272
3251
1396
3048
214
595
968
2401
2249
406
1812
1015
858
1516
1969
980
3411
508
469
245
3347
2904
1755
2063
1697
541
2745
185
2064
320
2640
2907
2469
1435
2690
1814
544
1843
3133
3336
1436
3476
412
1149
28
3258
3104
3291
2505
542
2210
1869
3027
354
327
1821
3313
2549
483
3329
1089
2843
1834
1238
2512
1465
225
2271
3067
2376
2526
572
3105
1947
256
2898
687
1991
3103
2650
29
1982
1437
1256
1913
357
2596
2925
381
2692
547
307
2567
591
1386
1661
2206
1704
877
499
1794
1395
3320
1797
3047
2903
1573
1558
3328
2679
497
2397
1767
3316
3436
164
2818
766
926
369
454
487
2522
2924
139
918
350
183
335
1282
1078
832
128
501
781
3334
3311
884
2534
462
309
2492
456
2412
2787
1885
2402
1168
1120
73
841
2911
3139
2264
3346
367
1562
523
1023
3384
1225
2316
1342
2295
1348
2554
2689
1224
3149
299
736
463
3399
2136
3288
91
2378
2465
3101
2416
331
160
1644
2575
787
1930
152
2377
2599
3356
2248
2237
1519
3100
343
1780
3099
3076
514
287
3065
425
2861
1167
1333
995
3222
1472
3186
2387
1801
3312
3183
3325
3227
1470
2197
1341
2643
2539
910
3442
285
860
2436
3273
268
647
431
2984
2860
30
1092
734
586
2929
1473
712
1108
203
1063
2148
2233
2138
102
515
2899
424
1835
1028
1637
1657
2989
2963
341
1194
1528
3343
1511
492
619
82
336
861
699
2262
1202
1230
502
2709
1321
2588
2701
1910
2973
2910
481
392
1773
3264
2382
344
1726
2001
1446
2964
78
1853
1076
553
3392
3098
2215
1377
1022
2559
945
212
247
612
1085
87
3155
761
1130
1398
2042
1049
2547
2680
2663
2645
1375
2017
2918
1825
859
883
3383
3205
36
1483
629
356
448
3011
656
429
3086
718
2651
1401
1488
681
2141
1815
2176
1456
434
641
132
3040
510
451
345
628
529
2362
2853
2748
2443
935
2478
2887
1136
605
1864
1304
2220
3468
567
3322
2662
228
3326
1571
2171
476
632
3191
1554
2889
1203
2236
206
597
1716
1236
2289
2937
2426
229
2778
1367
1673
2494
1038
353
2878
3166
1809
1768
3428
1317
3058
1552
1925
2833
1287
1228
808
1273
2350
2334
3111
2075
2417
39
2533
2209
201
2078
1895
725
447
2654
2664
337
1786
1899
2411
1004
534
1608
654
2466
1378
1940
3355
1730
2941
98
2498
156
1732
724
2594
3056
2012
194
933
556
3169
3006
1531
2270
1785
2097
209
2339
2487
49
1060
3305
2134
610
2073
2555
291
3096
2195
415
2118
2839
992
2589
922
623
123
2038
316
1729
2863
1831
2330
3203
3176
1425
2773
1646
662
576
3020
680
2185
1275
2447
1731
1320
867
2566
2047
932
927
1908
2086
2697
847
373
2572
937
409
1772
1721
601
2511
1036
2010
2203
21
148
2813
672
2034
176
1669
1659
1535
539
2286
2056
1841
217
1555
2296
1873
2288
530
2302
348
2495
236
2876
2180
1787
1162
695
1893
3192
549
1747
2832
233
974
1339
2693
616
44
1567
1003
2100
2429
1199
2283
3323
2384
1181
1584
2780
3345
2629
440
568
752
3003
1289
963
546
313
1251
2254
1907
2900
2621
1190
1506
730
2948
2883
2791
258
1745
1565
3274
3451
512
482
782
410
494
293
2762
1112
3303
2803
1643
633
1631
3038
2603
1362
2630
875
1879
396
2582
881
3193
882
621
869
2499
1128
1360
2246
3444
2691
1150
804
292
2476
1650
793
3035
599
579
1319
3239
1746
2784
522
421
2219
1327
2956
855
2423
1048
3018
383
1916
2980
3234
1381
950
122
2628
1141
2726
379
1866
435
1985
1193
941
1728
2364
3449
890
192
663
2683
2247
1996
1231
45
33
1929
1390
1464
2070
111
3431
1611
1753
2291
486
1870
2464
925
1674
2109
3395
1509
976
1461
689
646
2353
1995
2139
819
3420
3008
711
2087
105
2217
1252
1617
2769
3170
3277
83
1810
1255
692
1570
2125
551
1501
2114
184
3430
1496
3131
2149
1444
1914
240
3097
951
2287
1933
1344
2583
2921
1594
296
1242
3443
3226
1775
955
2576
2031
360
573
1118
1250
2152
3071
23
3465
2120
543
716
1832
2917
2915
1218
119
1742
90
1774
3158
2033
1336
2686
3441
2626
1189
1016
1788
2345
2146
2909
2548
1154
1397
3156
2851
3365
147
3075
1541
2058
1138
218
1880
1073
2553
66
2824
110
1380
799
2213
1417
2967
38
2722
1350
2458
1820
2178
1829
1029
2018
1031
2577
1685
387
2013
868
1027
118
1222
691
2727
813
824
2328
1551
2823
519
1664
3304
2435
1245
3013
2007
141
1588
1892
322
230
810
966
1876
1399
1008
1524
1212
1708
2256
297
2770
1274
1936
1902
2454
1539
1050
428
9
85
290
1964
2208
1956
3201
2255
2488
1963
754
1520
2131
2090
158
2783
3167
1018
3339
1354
812
2622
2108
1533
2574
1335
57
2335
1026
2292
2451
1572
1962
740
2177
1448
1654
1137
196
1624
1105
602
2383
347
3262
578
1260
2994
1216
1054
2142
1197
151
2864
2333
75
2718
1828
778
706
3088
1923
3153
1967
32
1491
2826
2607
857
2755
3284
3337
1600
430
3172
2881
1259
2857
2460
675
1581
3330
2510
1232
2418
1415
42
2671
2244
577
3215
1676
531
1921
1206
2386
942
3415
3146
1597
2132
1811
2449
2407
2085
2399
2156
407
2307
2198
1387
2051
2438
3396
786
3028
2253
3434
2280
173
2068
1285
3145
2179
2624
249
1485
1079
948
3045
2592
352
3054
251
2606
1011
2591
1277
422
2062
896
1017
1806
2802
1109
191
874
1761
1043
685
2184
1177
949
2181
3459
395
559
1382
1172
2649
2659
2514
638
1174
2315
2667
1347
1267
20
2137
244
1854
1683
3064
2501
2665
917
150
3163
2811
18
1909
2467
473
52
3091
1258
3317
1303
1590
195
2298
3409
1715
124
1751
1484
3123
614
1793
2363
2284
1450
3429
2370
241
1291
2732
2218
1924
3143
1235
564
3270
3364
197
2470
2035
990
2483
3423
377
756
2850
2161
504
3187
1722
2633
888
1616
1943
1295
749
3286
2719
2976
261
1813
2614
1779
2682
1237
2768
2014
3004
1884
518
2167
2810
2352
2677
893
10
2004
100
1890
683
394
903
2541
2214
2187
2801
1318
2957
2516
1675
131
627
2590
3243
1247
1373
565
2165
8
1891
511
2040
3132
2777
1166
821
2681
77
84
2729
2789
2257
1074
1530
2638
1595
1981
1299
1460
1856
2504
2388
2558
414
2442
1246
3259
129
2491
2366
3125
2573
3206
1888
743
1618
2081
1920
2867
1467
2261
590
3299
1254
126
2404
1871
1358
803
498
1507
2016
2616
253
3393
2278
467
2569
714
1687
41
1677
710
939
642
972
3120
618
1725
765
2619
1830
1848
2916
1568
1155
3331
2934
1368
1987
1187
517
208
2444
12
1709
1842
707
1782
1111
2230
2130
2147
362
2905
2129
2456
1388
2124
693
1881
1131
475
1816
1927
3352
2201
2820
3435
2962
1937
1116
2985
3385
3171
1526
1384
109
420
2605
1625
2779
2612
704
2530
2072
371
2425
1955
3477
1090
1057
2983
2355
1104
2379
295
1690
2093
1707
1759
1077
1971
2059
24
3005
108
1529
2028
3453
1796
552
1906
1692
376
1443
667
144
1171
174
1208
2174
35
2439
1480
2175
3269
1014
1942
3475
276
994
1653
3361
897
3015
63
269
1439
1102
686
2972
1035
1487
2656
88
266
3044
1462
2772
3246
2251
2525
1140
1363
64
3093
891
902
1195
3248
3366
636
65
1107
1984
443
2949
159
737
489
271
889
2646
2829
1861
631
1689
2189
901
2578
2421
1733
2472
86
3161
2840
3335
2676
3157
113
806
1850
526
372
2992
1418
703
835
1858
2312
171
828
748
3190
1543
2331
1686
1593
1576
2734
479
2192
2982
1997
1718
2229
2935
286
673
594
3275
2981
484
2168
1603
446
3189
2658
264
7
779
1695
1894
1602
1975
1569
3368
204
3094
62
2593
2524
1561
3102
222
351
2338
2623
400
886
445
172
3338
1359
368
611
2636
3390
837
19
818
1525
3457
895
1839
2037
1550
1783
587
3228
1253
2856
1680
1949
1860
1610
2817
2490
2837
1100
3036
3212
2282
998
140
2556
956
2293
1366
2365
879
3293
2486
1413
1941
1932
2221
219
1372
784
458
1270
1622
468
862
427
330
845
1271
1592
2846
763
1065
155
1966
2205
2865
2243
1607
1451
1621
2613
2855
308
1986
2083
60
507
2808
312
904
1837
1463
2723
3369
2875
282
3077
3031
2069
112
2272
1165
3360
698
2480
1416
441
1158
2224
850
3087
1458
3380
2369
2340
721
2868
2414
3129
2311
1500
388
453
1053
731
3377
2611
2173
589
1067
978
892
989
385
1798
1276
2724
2648
3401
2890
924
607
1790
1714
2265
745
561
1988
1737
2990
3379
2162
2631
1771
1792
374
363
975
816
1917
2782
2166
1421
382
958
1968
2735
2183
3267
2304
613
432
1338
2819
58
1688
826
2873
1099
2403
437
3417
555
472
265
1900
3416
355
1642
93
2321
2923
153
2749
1950
3261
3213
1599
3440
490
2809
2463
2892
1091
1696
598
2297
849
3082
272
751
2422
2753
856
1758
2845
3019
592
2696
2431
1586
2625
1294
1723
3147
608
2902
557
1939
2009
1703
3307
2847
2752
2144
1645
413
3358
1563
617
496
2115
226
3333
418
658
3034
1882
1447
6
419
2341
986
1349
304
3266
759
2305
1840
449
2733
169
1129
3198
205
983
1160
1652
1998
755
1312
243
175
666
459
1394
1214
2260
2186
3214
1540
758
1265
3066
1582
1682
2163
1601
263
401
2798
3029
318
1613
1438
1799
2036
2644
1290
3118
505
1777
521
391
2933
2570
1699
2025
3344
2474
1
1478
4
2532
665
1559
227
2706
1663
2238
1300
1477
1466
157
560
2088
2928
3002
1002
2457
1379
2234
988
1713
2531
971
2866
715
635
1915
844
1142
1083
3376
1441
1666
2919
2712
314
1064
1139
2597
1928
830
2744
2440
2367
1264
2489
1919
1789
876
2836
788
2008
677
3245
554
2263
3247
1545
1024
936
3068
1288
2672
919
3062
2113
1974
56
3126
1305
2317
1548
2774
2267
3199
3283
2389
1449
789
3414
452
906
493
1623
1000
2882
1316
2041
3037
2551
1481
2641
1192
2196
3397
1337
3152
3315
1353
3117
1352
991
2375
962
1340
2502
211
1515
732
1514
2653
3142
329
776
2427
3165
1243
1744
364
1211
954
1442
3295
2346
3467
71
311
1422
2751
3079
678
1808
3221
2241
1976
1867
1635
2482
965
1804
1151
921
984
964
2720
1148
210
3370
1114
2065
3115
2003
2268
3092
2135
300
2959
2698
3240
2301
2231
1257
1493
2076
3447
495
1651
2496
2313
80
3046
1993
2121
1445
2544
1823
1702
739
1527
2894
930
2477
2344
3450
3301
1430
3122
1874
1106
727
1182
1219
865
2385
1198
2082
1280
1393
370
3052
1244
3085
488
2634
3135
2862
2475
1298
2190
1323
2343
3359
1817
2563
1034
2102
2652
2827
2306
1658
2408
1977
1851
2912
2310
2688
2828
1560
2969
831
1474
770
1284
1204
2552
624
3281
280
985
477
1263
1498
2844
2027
2931
1346
536
3069
89
1655
1857
3073
3348
1357
3216
1748
2610
1656
938
1960
1207
2281
1132
3151
2048
2528
1183
3238
907
2049
2509
1855
1901
3432
298
2529
2754
3026
625
580
2657
1006
1824
2821
25
1040
2084
1266
1739
1735
334
31
273
760
2415
3410
2795
2290
3438
1093
959
1605
1517
1833
2673
3448
1097
1999
3471
1322
2105
1301
2760
802
1896
1310
1371
3265
267
2538
668
807
671
898
1724
2775
528
2546
2617
1343
125
1279
54
2854
1805
973
1454
1082
2252
2601
1009
3220
603
664
2320
814
563
1503
1875
