0 1281
23 1281
0 1280
25 1280
0 1279
25 1279
0 1278
29 1278
0 1277
29 1277
0 1276
34 1276
0 1275
34 1275
0 1274
41 1274
0 1273
50 1273
0 1272
50 1272
0 1271
59 1271
0 1270
70 1270
0 1269
70 1269
0 1268
85 1268
0 1267
97 1267
0 1266
97 1266
0 1265
113 1265
0 1264
113 1264
0 1263
240 1263
0 1262
270 1262
0 1261
298 1261
0 1260
328 1260
1 1259
23 1259
1 1258
23 1258
1 1257
25 1257
1 1256
25 1256
1 1255
29 1255
1 1254
29 1254
1 1253
34 1253
1 1252
34 1252
1 1251
41 1251
1 1250
41 1250
1 1249
50 1249
1 1248
50 1248
1 1247
59 1247
1 1246
59 1246
1 1245
70 1245
1 1244
70 1244
1 1243
85 1243
1 1242
85 1242
1 1241
97 1241
1 1240
97 1240
1 1239
113 1239
1 1238
113 1238
1 1237
147 1237
1 1236
180 1236
1 1235
197 1235
1 1234
209 1234
1 1233
240 1233
1 1232
270 1232
1 1231
298 1231
1 1230
298 1230
1 1229
328 1229
2 1228
23 1228
2 1227
23 1227
2 1226
25 1226
2 1225
25 1225
2 1224
29 1224
2 1223
34 1223
2 1222
34 1222
2 1221
41 1221
2 1220
41 1220
2 1219
50 1219
2 1218
59 1218
2 1217
59 1217
2 1216
70 1216
2 1215
70 1215
2 1214
85 1214
2 1213
85 1213
2 1212
97 1212
2 1211
113 1211
2 1210
113 1210
2 1209
134 1209
2 1208
147 1208
2 1207
167 1207
2 1206
180 1206
2 1205
197 1205
2 1204
209 1204
2 1203
240 1203
2 1202
270 1202
2 1201
270 1201
2 1200
298 1200
2 1199
328 1199
3 1198
23 1198
3 1197
23 1197
3 1196
25 1196
3 1195
25 1195
3 1194
29 1194
3 1193
29 1193
3 1192
34 1192
3 1191
34 1191
3 1190
41 1190
3 1189
41 1189
3 1188
50 1188
3 1187
50 1187
3 1186
59 1186
3 1185
59 1185
3 1184
70 1184
3 1183
70 1183
3 1182
85 1182
3 1181
85 1181
3 1180
97 1180
3 1179
97 1179
3 1178
113 1178
3 1177
113 1177
3 1176
134 1176
3 1175
147 1175
3 1174
167 1174
3 1173
180 1173
3 1172
197 1172
3 1171
209 1171
3 1170
240 1170
3 1169
240 1169
3 1168
270 1168
3 1167
298 1167
3 1166
328 1166
4 1165
23 1165
4 1164
25 1164
4 1163
25 1163
4 1162
29 1162
4 1161
34 1161
4 1160
70 1160
4 1159
70 1159
4 1158
113 1158
4 1157
230 1157
5 1156
23 1156
5 1155
23 1155
5 1154
25 1154
5 1153
25 1153
5 1152
29 1152
5 1151
29 1151
5 1150
34 1150
5 1149
34 1149
5 1148
41 1148
5 1147
50 1147
5 1146
50 1146
5 1145
59 1145
5 1144
70 1144
5 1143
70 1143
5 1142
85 1142
5 1141
97 1141
5 1140
97 1140
5 1139
113 1139
5 1138
113 1138
5 1137
209 1137
5 1136
240 1136
5 1135
270 1135
5 1134
298 1134
6 1133
23 1133
6 1132
23 1132
6 1131
25 1131
6 1130
25 1130
6 1129
29 1129
6 1128
34 1128
6 1127
34 1127
6 1126
70 1126
6 1125
113 1125
6 1124
113 1124
6 1123
197 1123
6 1122
240 1122
6 1121
270 1121
6 1120
298 1120
7 1119
23 1119
7 1118
23 1118
7 1117
25 1117
7 1116
25 1116
7 1115
29 1115
7 1114
29 1114
7 1113
34 1113
7 1112
34 1112
7 1111
41 1111
7 1110
59 1110
7 1109
70 1109
7 1108
70 1108
7 1107
97 1107
7 1106
113 1106
7 1105
113 1105
7 1104
180 1104
7 1103
240 1103
7 1102
270 1102
7 1101
298 1101
8 1100
23 1100
8 1099
25 1099
8 1098
25 1098
8 1097
29 1097
8 1096
29 1096
8 1095
34 1095
8 1094
70 1094
8 1093
70 1093
8 1092
97 1092
8 1091
113 1091
8 1090
113 1090
8 1089
167 1089
8 1088
240 1088
8 1087
270 1087
9 1086
23 1086
9 1085
25 1085
9 1084
25 1084
9 1083
29 1083
9 1082
29 1082
9 1081
34 1081
9 1080
34 1080
9 1079
41 1079
9 1078
50 1078
9 1077
50 1077
9 1076
59 1076
9 1075
70 1075
9 1074
70 1074
9 1073
85 1073
9 1072
97 1072
9 1071
97 1071
9 1070
113 1070
9 1069
113 1069
9 1068
147 1068
9 1067
240 1067
9 1066
270 1066
9 1065
298 1065
10 1064
23 1064
10 1063
25 1063
10 1062
25 1062
10 1061
29 1061
10 1060
29 1060
10 1059
34 1059
10 1058
70 1058
10 1057
70 1057
10 1056
97 1056
10 1055
113 1055
10 1054
113 1054
10 1053
134 1053
10 1052
240 1052
10 1051
270 1051
11 1050
23 1050
11 1049
23 1049
11 1048
25 1048
11 1047
25 1047
11 1046
29 1046
11 1045
29 1045
11 1044
34 1044
11 1043
34 1043
11 1042
41 1042
11 1041
41 1041
11 1040
50 1040
11 1039
50 1039
11 1038
59 1038
11 1037
59 1037
11 1036
70 1036
11 1035
70 1035
11 1034
85 1034
11 1033
85 1033
11 1032
97 1032
11 1031
113 1031
11 1030
113 1030
11 1029
134 1029
11 1028
134 1028
11 1027
147 1027
11 1026
147 1026
11 1025
167 1025
11 1024
167 1024
11 1023
180 1023
11 1022
180 1022
11 1021
197 1021
11 1020
197 1020
11 1019
209 1019
11 1018
209 1018
11 1017
230 1017
11 1016
240 1016
11 1015
240 1015
11 1014
270 1014
11 1013
270 1013
11 1012
298 1012
11 1011
298 1011
11 1010
328 1010
11 1009
328 1009
12 1008
23 1008
12 1007
25 1007
12 1006
25 1006
12 1005
29 1005
12 1004
29 1004
12 1003
34 1003
12 1002
34 1002
12 1001
41 1001
12 1000
50 1000
12 999
50 999
12 998
59 998
12 997
70 997
12 996
70 996
12 995
85 995
12 994
97 994
12 993
97 993
12 992
113 992
12 991
134 991
12 990
147 990
12 989
147 989
12 988
167 988
12 987
180 987
12 986
209 986
12 985
209 985
12 984
240 984
12 983
240 983
12 982
270 982
12 981
298 981
12 980
298 980
12 979
328 979
12 978
328 978
13 977
23 977
13 976
23 976
13 975
25 975
13 974
25 974
13 973
29 973
13 972
34 972
13 971
41 971
13 970
50 970
13 969
59 969
13 968
70 968
13 967
85 967
13 966
97 966
13 965
113 965
13 964
113 964
13 963
147 963
13 962
209 962
13 961
240 961
13 960
240 960
13 959
270 959
13 958
270 958
13 957
298 957
13 956
298 956
13 955
328 955
14 954
23 954
14 953
23 953
14 952
25 952
14 951
25 951
14 950
29 950
14 949
29 949
14 948
34 948
14 947
34 947
14 946
41 946
14 945
41 945
14 944
50 944
14 943
50 943
14 942
59 942
14 941
70 941
14 940
70 940
14 939
85 939
14 938
97 938
14 937
97 937
14 936
113 936
14 935
113 935
14 934
134 934
14 933
134 933
14 932
147 932
14 931
147 931
14 930
167 930
14 929
167 929
14 928
180 928
14 927
180 927
14 926
197 926
14 925
209 925
14 924
209 924
14 923
230 923
14 922
230 922
14 921
240 921
14 920
240 920
14 919
270 919
14 918
270 918
14 917
298 917
14 916
298 916
14 915
328 915
14 914
328 914
15 913
23 913
15 912
23 912
15 911
25 911
15 910
25 910
15 909
29 909
15 908
34 908
15 907
34 907
15 906
41 906
15 905
50 905
15 904
59 904
15 903
59 903
15 902
70 902
15 901
85 901
15 900
97 900
15 899
113 899
15 898
113 898
15 897
147 897
15 896
180 896
15 895
209 895
15 894
240 894
15 893
240 893
15 892
270 892
15 891
270 891
15 890
298 890
15 889
298 889
15 888
328 888
16 887
23 887
16 886
25 886
16 885
25 885
16 884
29 884
16 883
29 883
16 882
34 882
16 881
41 881
16 880
50 880
16 879
50 879
16 878
59 878
16 877
70 877
16 876
70 876
16 875
85 875
16 874
97 874
16 873
97 873
16 872
113 872
16 871
113 871
16 870
147 870
16 869
147 869
16 868
209 868
16 867
209 867
16 866
240 866
16 865
240 865
16 864
270 864
16 863
298 863
16 862
298 862
16 861
328 861
16 860
328 860
17 859
23 859
17 858
23 858
17 857
25 857
17 856
25 856
17 855
29 855
17 854
34 854
17 853
34 853
17 852
41 852
17 851
41 851
17 850
50 850
17 849
59 849
17 848
70 848
17 847
70 847
17 846
85 846
17 845
97 845
17 844
113 844
17 843
113 843
17 842
147 842
17 841
180 841
17 840
209 840
17 839
240 839
17 838
240 838
17 837
270 837
17 836
270 836
17 835
298 835
17 834
298 834
17 833
328 833
18 832
23 832
18 831
23 831
18 830
25 830
18 829
29 829
18 828
29 828
18 827
34 827
18 826
34 826
18 825
41 825
18 824
41 824
18 823
50 823
18 822
59 822
18 821
59 821
18 820
70 820
18 819
70 819
18 818
85 818
18 817
97 817
18 816
97 816
18 815
113 815
18 814
113 814
18 813
134 813
18 812
147 812
18 811
147 811
18 810
167 810
18 809
180 809
18 808
180 808
18 807
197 807
18 806
197 806
18 805
209 805
18 804
209 804
18 803
230 803
18 802
240 802
18 801
240 801
18 800
270 800
18 799
270 799
18 798
298 798
18 797
298 797
18 796
328 796
18 795
328 795
19 794
23 794
19 793
25 793
19 792
25 792
19 791
29 791
19 790
29 790
19 789
34 789
19 788
34 788
19 787
41 787
19 786
50 786
19 785
50 785
19 784
59 784
19 783
70 783
19 782
70 782
19 781
85 781
19 780
97 780
19 779
97 779
19 778
113 778
19 777
113 777
19 776
134 776
19 775
134 775
19 774
147 774
19 773
147 773
19 772
167 772
19 771
167 771
19 770
180 770
19 769
180 769
19 768
197 768
19 767
209 767
19 766
209 766
19 765
230 765
19 764
240 764
19 763
240 763
19 762
270 762
19 761
298 761
19 760
298 760
19 759
328 759
19 758
328 758
20 757
23 757
20 756
23 756
20 755
25 755
20 754
25 754
20 753
29 753
20 752
29 752
20 751
34 751
20 750
41 750
20 749
41 749
20 748
50 748
20 747
50 747
20 746
59 746
20 745
59 745
20 744
70 744
20 743
70 743
20 742
85 742
20 741
85 741
20 740
97 740
20 739
97 739
20 738
113 738
20 737
113 737
20 736
134 736
20 735
134 735
20 734
147 734
20 733
147 733
20 732
167 732
20 731
167 731
20 730
180 730
20 729
180 729
20 728
197 728
20 727
197 727
20 726
209 726
20 725
209 725
20 724
230 724
20 723
230 723
20 722
240 722
20 721
240 721
20 720
270 720
20 719
270 719
20 718
298 718
20 717
298 717
20 716
328 716
20 715
328 715
21 714
23 714
21 713
23 713
21 712
25 712
21 711
25 711
21 710
29 710
21 709
34 709
21 708
34 708
21 707
41 707
21 706
41 706
21 705
50 705
21 704
59 704
21 703
59 703
21 702
70 702
21 701
70 701
21 700
85 700
21 699
85 699
21 698
97 698
21 697
113 697
21 696
113 696
21 695
134 695
21 694
147 694
21 693
167 693
21 692
180 692
21 691
180 691
21 690
197 690
21 689
197 689
21 688
209 688
21 687
209 687
21 686
230 686
21 685
240 685
21 684
240 684
21 683
270 683
21 682
270 682
21 681
298 681
21 680
298 680
21 679
328 679
22 678
23 678
22 677
23 677
22 676
25 676
22 675
25 675
22 674
29 674
22 673
29 673
22 672
34 672
22 671
34 671
22 670
41 670
22 669
41 669
22 668
50 668
22 667
50 667
22 666
59 666
22 665
59 665
22 664
70 664
22 663
70 663
22 662
85 662
22 661
85 661
22 660
97 660
22 659
97 659
22 658
113 658
22 657
113 657
22 656
134 656
22 655
134 655
22 654
147 654
22 653
147 653
22 652
167 652
22 651
167 651
22 650
180 650
22 649
180 649
22 648
197 648
22 647
197 647
22 646
209 646
22 645
209 645
22 644
230 644
22 643
230 643
22 642
240 642
22 641
240 641
22 640
270 640
22 639
270 639
22 638
298 638
22 637
298 637
22 636
328 636
22 635
328 635
23 634
25 634
23 633
25 633
23 632
29 632
23 631
34 631
23 630
34 630
23 629
41 629
23 628
41 628
23 627
50 627
23 626
59 626
23 625
59 625
23 624
70 624
23 623
70 623
23 622
85 622
23 621
85 621
23 620
97 620
23 619
113 619
23 618
113 618
23 617
134 617
23 616
147 616
23 615
167 615
23 614
180 614
23 613
180 613
23 612
197 612
23 611
197 611
23 610
209 610
23 609
209 609
23 608
230 608
23 607
240 607
23 606
240 606
23 605
270 605
23 604
270 604
23 603
298 603
23 602
298 602
23 601
328 601
25 600
29 600
25 599
29 599
25 598
34 598
25 597
41 597
25 596
41 596
25 595
50 595
25 594
50 594
25 593
59 593
25 592
59 592
25 591
70 591
25 590
70 590
25 589
85 589
25 588
85 588
25 587
97 587
25 586
97 586
25 585
113 585
25 584
113 584
25 583
134 583
25 582
134 582
25 581
147 581
25 580
147 580
25 579
167 579
25 578
167 578
25 577
180 577
25 576
180 576
25 575
197 575
25 574
197 574
25 573
209 573
25 572
209 572
25 571
230 571
25 570
230 570
25 569
240 569
25 568
240 568
25 567
270 567
25 566
270 566
25 565
298 565
25 564
298 564
25 563
328 563
25 562
328 562
29 561
34 561
29 560
34 560
29 559
41 559
29 558
50 558
29 557
50 557
29 556
59 556
29 555
70 555
29 554
70 554
29 553
85 553
29 552
97 552
29 551
97 551
29 550
113 550
29 549
113 549
29 548
134 548
29 547
134 547
29 546
147 546
29 545
147 545
29 544
167 544
29 543
167 543
29 542
180 542
29 541
180 541
29 540
197 540
29 539
209 539
29 538
209 538
29 537
230 537
29 536
240 536
29 535
240 535
29 534
270 534
29 533
298 533
29 532
298 532
29 531
328 531
29 530
328 530
34 529
41 529
34 528
41 528
34 527
50 527
34 526
59 526
34 525
59 525
34 524
70 524
34 523
70 523
34 522
85 522
34 521
97 521
34 520
97 520
34 519
113 519
34 518
113 518
34 517
134 517
34 516
147 516
34 515
147 515
34 514
167 514
34 513
180 513
34 512
180 512
34 511
197 511
34 510
197 510
34 509
209 509
34 508
209 508
34 507
230 507
34 506
240 506
34 505
240 505
34 504
270 504
34 503
270 503
34 502
298 502
34 501
298 501
34 500
328 500
34 499
328 499
41 498
50 498
41 497
59 497
41 496
70 496
41 495
70 495
41 494
85 494
41 493
97 493
41 492
113 492
41 491
113 491
41 490
147 490
41 489
180 489
41 488
209 488
41 487
240 487
41 486
240 486
41 485
270 485
41 484
270 484
41 483
298 483
41 482
298 482
41 481
328 481
50 480
59 480
50 479
70 479
50 478
70 478
50 477
85 477
50 476
97 476
50 475
97 475
50 474
113 474
50 473
113 473
50 472
147 472
50 471
147 471
50 470
209 470
50 469
209 469
50 468
240 468
50 467
240 467
50 466
270 466
50 465
298 465
50 464
298 464
50 463
328 463
50 462
328 462
59 461
70 461
59 460
85 460
59 459
97 459
59 458
113 458
59 457
113 457
59 456
147 456
59 455
180 455
59 454
209 454
59 453
240 453
59 452
240 452
59 451
270 451
59 450
270 450
59 449
298 449
59 448
298 448
59 447
328 447
70 446
85 446
70 445
97 445
70 444
97 444
70 443
113 443
70 442
113 442
70 441
134 441
70 440
134 440
70 439
147 439
70 438
147 438
70 437
167 437
70 436
167 436
70 435
180 435
70 434
180 434
70 433
197 433
70 432
209 432
70 431
209 431
70 430
230 430
70 429
230 429
70 428
240 428
70 427
240 427
70 426
270 426
70 425
270 425
70 424
298 424
70 423
298 423
70 422
328 422
70 421
328 421
85 420
97 420
85 419
113 419
85 418
113 418
85 417
147 417
85 416
209 416
85 415
240 415
85 414
240 414
85 413
270 413
85 412
270 412
85 411
298 411
85 410
298 410
85 409
328 409
97 408
113 408
97 407
134 407
97 406
147 406
97 405
147 405
97 404
167 404
97 403
180 403
97 402
209 402
97 401
209 401
97 400
240 400
97 399
240 399
97 398
270 398
97 397
298 397
97 396
298 396
97 395
328 395
97 394
328 394
113 393
134 393
113 392
134 392
113 391
147 391
113 390
147 390
113 389
167 389
113 388
167 388
113 387
180 387
113 386
180 386
113 385
197 385
113 384
197 384
113 383
209 383
113 382
209 382
113 381
230 381
113 380
240 380
113 379
240 379
113 378
270 378
113 377
270 377
113 376
298 376
113 375
298 375
113 374
328 374
113 373
328 373
134 372
240 372
134 371
270 371
147 370
240 370
147 369
270 369
147 368
298 368
167 367
240 367
167 366
270 366
180 365
240 365
180 364
270 364
180 363
298 363
197 362
240 362
197 361
270 361
197 360
298 360
209 359
240 359
209 358
270 358
209 357
298 357
240 356
270 356
240 355
298 355
240 354
328 354
270 353
298 353
270 352
328 352
298 351
328 351
0 350
1 350
0 349
2 349
0 348
3 348
0 347
11 347
0 346
11 346
0 345
12 345
0 344
12 344
0 343
13 343
0 342
14 342
0 341
14 341
0 340
15 340
0 339
16 339
0 338
16 338
0 337
17 337
0 336
18 336
0 335
18 335
0 334
19 334
0 333
19 333
0 332
20 332
0 331
20 331
0 330
21 330
0 329
22 329
0 328
22 328
1 327
2 327
1 326
3 326
1 325
5 325
1 324
6 324
1 323
7 323
1 322
9 322
1 321
11 321
1 320
11 320
1 319
12 319
1 318
12 318
1 317
13 317
1 316
13 316
1 315
14 315
1 314
14 314
1 313
15 313
1 312
15 312
1 311
16 311
1 310
16 310
1 309
17 309
1 308
17 308
1 307
18 307
1 306
18 306
1 305
19 305
1 304
19 304
1 303
20 303
1 302
20 302
1 301
21 301
1 300
21 300
1 299
22 299
1 298
22 298
2 297
3 297
2 296
5 296
2 295
6 295
2 294
7 294
2 293
8 293
2 292
9 292
2 291
10 291
2 290
11 290
2 289
11 289
2 288
12 288
2 287
13 287
2 286
13 286
2 285
14 285
2 284
14 284
2 283
15 283
2 282
15 282
2 281
16 281
2 280
17 280
2 279
17 279
2 278
18 278
2 277
18 277
2 276
19 276
2 275
20 275
2 274
20 274
2 273
21 273
2 272
21 272
2 271
22 271
2 270
22 270
3 269
5 269
3 268
6 268
3 267
7 267
3 266
8 266
3 265
9 265
3 264
10 264
3 263
11 263
3 262
11 262
3 261
12 261
3 260
12 260
3 259
13 259
3 258
13 258
3 257
14 257
3 256
14 256
3 255
15 255
3 254
15 254
3 253
16 253
3 252
16 252
3 251
17 251
3 250
17 250
3 249
18 249
3 248
18 248
3 247
19 247
3 246
19 246
3 245
20 245
3 244
20 244
3 243
21 243
3 242
21 242
3 241
22 241
3 240
22 240
4 239
11 239
4 238
14 238
4 237
14 237
4 236
18 236
4 235
19 235
4 234
20 234
4 233
20 233
4 232
21 232
4 231
22 231
4 230
22 230
5 229
11 229
5 228
11 228
5 227
12 227
5 226
12 226
5 225
13 225
5 224
14 224
5 223
14 223
5 222
15 222
5 221
16 221
5 220
16 220
5 219
17 219
5 218
18 218
5 217
18 217
5 216
19 216
5 215
19 215
5 214
20 214
5 213
20 213
5 212
21 212
5 211
21 211
5 210
22 210
5 209
22 209
6 208
11 208
6 207
11 207
6 206
14 206
6 205
18 205
6 204
18 204
6 203
19 203
6 202
20 202
6 201
20 201
6 200
21 200
6 199
21 199
6 198
22 198
6 197
22 197
7 196
11 196
7 195
11 195
7 194
12 194
7 193
14 193
7 192
14 192
7 191
15 191
7 190
17 190
7 189
18 189
7 188
18 188
7 187
19 187
7 186
19 186
7 185
20 185
7 184
20 184
7 183
21 183
7 182
21 182
7 181
22 181
7 180
22 180
8 179
11 179
8 178
11 178
8 177
12 177
8 176
14 176
8 175
14 175
8 174
18 174
8 173
19 173
8 172
19 172
8 171
20 171
8 170
20 170
8 169
21 169
8 168
22 168
8 167
22 167
9 166
11 166
9 165
11 165
9 164
12 164
9 163
12 163
9 162
13 162
9 161
14 161
9 160
14 160
9 159
15 159
9 158
16 158
9 157
16 157
9 156
17 156
9 155
18 155
9 154
18 154
9 153
19 153
9 152
19 152
9 151
20 151
9 150
20 150
9 149
21 149
9 148
22 148
9 147
22 147
10 146
11 146
10 145
11 145
10 144
12 144
10 143
14 143
10 142
14 142
10 141
18 141
10 140
19 140
10 139
19 139
10 138
20 138
10 137
20 137
10 136
21 136
10 135
22 135
10 134
22 134
11 133
12 133
11 132
13 132
11 131
13 131
11 130
14 130
11 129
14 129
11 128
15 128
11 127
15 127
11 126
16 126
11 125
16 125
11 124
17 124
11 123
17 123
11 122
18 122
11 121
18 121
11 120
19 120
11 119
19 119
11 118
20 118
11 117
20 117
11 116
21 116
11 115
21 115
11 114
22 114
11 113
22 113
12 112
13 112
12 111
14 111
12 110
14 110
12 109
15 109
12 108
16 108
12 107
16 107
12 106
17 106
12 105
18 105
12 104
18 104
12 103
19 103
12 102
19 102
12 101
20 101
12 100
20 100
12 99
21 99
12 98
22 98
12 97
22 97
13 96
14 96
13 95
15 95
13 94
16 94
13 93
17 93
13 92
18 92
13 91
19 91
13 90
20 90
13 89
20 89
13 88
21 88
13 87
21 87
13 86
22 86
13 85
22 85
14 84
15 84
14 83
16 83
14 82
16 82
14 81
17 81
14 80
17 80
14 79
18 79
14 78
18 78
14 77
19 77
14 76
19 76
14 75
20 75
14 74
20 74
14 73
21 73
14 72
21 72
14 71
22 71
14 70
22 70
15 69
16 69
15 68
17 68
15 67
18 67
15 66
18 66
15 65
19 65
15 64
20 64
15 63
20 63
15 62
21 62
15 61
21 61
15 60
22 60
15 59
22 59
16 58
17 58
16 57
18 57
16 56
19 56
16 55
19 55
16 54
20 54
16 53
20 53
16 52
21 52
16 51
22 51
16 50
22 50
17 49
18 49
17 48
18 48
17 47
19 47
17 46
20 46
17 45
20 45
17 44
21 44
17 43
21 43
17 42
22 42
17 41
22 41
18 40
19 40
18 39
19 39
18 38
20 38
18 37
21 37
18 36
21 36
18 35
22 35
18 34
22 34
19 33
20 33
19 32
20 32
19 31
21 31
19 30
22 30
19 29
22 29
20 28
21 28
20 27
21 27
20 26
22 26
20 25
22 25
21 24
22 24
21 23
22 23
