>  1 999 407 405 404 385 383 373 361 358 329 328 323 322 277 276 274 240 222 205 200 198 147 132 122 113 103 102 93 90 84 82 77 75 63 61 60 55 54 36 25 22 19 18 17 12 11 4 1
>  2 394 386 316 284 233 160 156 153 152 146 144 141 133 128 123 112 111 108 97 85 70 55 42 39 38 28 23 21 20 17 16 15 11 10 9
>  3 411 404 395 383 379 375 368 359 356 346 342 331 322 317 312 306 303 302 293 292 270 260 198 193 186 172 161 154 146 144 130 125 124 122 118 109 88 74 69 63 61 60 56 51 35 30 27 24 23 22 21 12 11 9 6 5 4
>  4 394 386 366 349 322 304 287 284 233 198 161 144 141 139 127 124 120 109 108 81 73 72 70 63 60 53 50 42 38 37 28 24 23 22 20 16 14 11 10 9 4
>  5 411 404 386 373 372 353 329 323 244 205 198 159 150 132 122 103 93 81 79 77 61 60 59 58 47 28 25 22 19 16 14 13 12 11 1
>  6 397 392 386 384 377 316 309 303 302 284 279 233 229 152 141 133 108 101 80 70 66 56 51 43 42 39 38 23 20 16 15 10 9 8 5
>  7 394 386 316 284 233 160 153 152 144 141 133 111 108 85 70 55 42 39 38 28 23 20 17 16 15 11 10 9
>  8 405 397 387 385 384 376 373 372 351 329 328 323 240 205 198 143 137 136 132 126 119 113 111 110 108 107 102 96 93 91 87 85 84 82 79 71 66 58 57 54 53 40 25 23 22 19 18 17 13 10 8 1
>  9 409 384 367 363 334 332 330 320 316 301 300 295 289 273 264 257 234 208 198 196 195 193 178 155 149 146 143 142 133 131 123 119 115 111 98 97 95 89 88 68 67 66 64 48 44 30 24 23 22 21 17 15 8 7 6 3
>  10 405 397 391 384 328 322 240 200 198 151 143 139 124 119 115 113 111 109 108 107 96 95 85 84 80 72 66 63 53 31 24 23 22 18 17 10 9 8 4
