>  1 250 245 242 239 236 235 197 194 193 192 185 182 181 180 175 87 84 83 81 80 39 37 36 35 30 26 22 19 18 17 12 11 4 1
>  2 258 255 253 240 238 237 233 231 230 228 226 224 223 220 219 186 184 183 180 179 178 173 171 170 167 166 165 162 160 158 157 154 153 152 148 147 23 21 20 17 16 15 11 10 9
>  3 262 261 260 259 258 257 199 198 197 196 187 186 185 184 175 161 160 159 158 149 148 115 114 113 108 107 105 102 101 100 99 94 93 91 88 87 86 81 80 78 75 24 23 22 21 12 11 9 6 5 4
>  4 262 261 260 256 255 254 234 233 232 230 218 217 216 214 211 187 186 185 183 179 177 174 173 172 170 166 164 162 161 160 159 157 153 151 148 147 88 87 85 82 80 79 78 24 23 22 20 16 14 11 10 9 4
>  5 250 232 229 216 213 211 207 204 201 200 197 194 191 189 188 185 182 179 177 176 175 39 37 34 32 31 30 22 19 16 14 13 12 11 1
>  6 255 233 230 226 223 219 173 170 166 165 160 157 153 152 147 145 142 138 137 133 132 101 98 96 92 91 90 23 20 16 15 10 9 8 5
>  7 255 240 237 233 230 228 226 223 220 219 186 183 180 179 178 173 170 167 166 165 162 160 157 154 153 152 148 147 23 20 17 16 15 11 10 9
>  8 260 251 250 246 245 242 240 239 236 235 208 207 204 203 202 173 172 169 168 167 163 145 144 141 140 139 135 133 40 39 37 36 35 31 29 23 22 19 18 17 13 10 8 1
>  9 262 261 260 259 258 257 241 240 239 238 227 226 225 224 220 146 145 144 143 139 137 131 130 129 128 124 122 116 115 114 113 110 104 103 74 73 72 71 68 66 62 61 24 23 22 21 17 15 8 7 6 3
>  10 262 261 260 247 246 245 241 240 239 235 174 173 172 168 167 161 160 159 155 154 147 146 145 144 140 139 133 132 88 87 83 79 78 77 24 23 22 18 17 10 9 8 4
