>  1 411 404 396 395 392 372 368 358 356 342 328 303 302 297 261 259 258 240 172 150 147 144 137 136 135 130 110 103 96 76 75 61 56 54 51 46 41 35 23 19 18 13 12 11 9 5
>  2 396 392 372 342 337 333 326 305 302 294 293 291 261 255 240 227 198 168 161 158 155 154 149 147 146 144 142 137 124 110 96 84 76 65 60 58 56 51 41 32 31 24 23 22 21 18 13 11 9 5 3
>  3 409 397 384 372 363 345 330 308 304 290 289 270 228 198 193 174 139 126 119 115 110 108 105 92 91 89 88 86 73 66 62 58 53 50 44 30 24 23 22 14 13 10 8 7 6
>  4 411 405 394 347 328 319 288 284 267 230 219 213 212 202 173 171 165 153 138 134 122 114 113 106 84 75 68 49 44 34 33 26 22 20 18 17 15 12 7 2
>  5 397 386 384 316 160 143 133 111 108 104 89 85 66 62 39 23 17 16 15 10 8 7
>  6 411 405 404 394 372 358 328 284 240 233 153 150 147 137 134 113 106 86 75 61 55 40 20 18 17 13 12 11 7
>  7 405 394 328 316 284 240 233 161 153 152 147 144 139 127 124 113 107 106 95 85 55 38 31 24 20 18 17 15 11 10 9
>  8 405 397 384 328 316 240 143 134 113 107 89 85 62 18 17 15 10 8 7
>  9 405 397 394 384 372 328 304 284 240 233 137 126 107 106 105 91 80 73 41 38 37 20 18 14 13 10 9 8
>  10 411 405 404 395 372 358 328 240 150 147 144 137 130 113 111 110 96 75 61 55 41 40 35 23 18 17 13 12 11 9
