1131
2075
2849
2927
1463
2410
2159
1850
673
932
2763
2041
1315
913
2208
2092
664
2000
3244
331
237
1101
2695
335
1858
1655
3306
2595
1068
1788
696
3000
498
3233
77
2055
315
1349
2953
2135
694
2548
2440
2317
1777
2581
1140
3176
546
3036
2511
2710
2529
1537
2862
710
538
1795
2739
1268
378
656
2404
3193
1910
3264
379
2284
1163
2659
116
1455
2791
1565
479
1373
1403
1690
1684
2559
1767
183
748
14
911
103
1063
1229
142
2015
2729
1446
2418
3463
443
1861
775
2726
169
3432
51
2783
2109
1041
393
3246
2844
328
2310
2805
2133
2983
1386
2641
865
1195
861
1408
2977
1713
1948
241
1996
7
1660
2750
2526
2383
3182
659
1227
3051
2454
312
2671
385
310
217
3045
2007
2347
3094
2090
2976
3322
2833
38
3120
647
1880
2793
2670
762
569
1065
859
2782
2150
1692
2660
1800
2535
2874
1627
3140
1371
1576
1703
1167
1799
1367
2456
2517
1789
2531
2297
3449
298
3178
1899
2573
3227
2216
2967
840
3366
2705
1066
1149
98
3239
1074
1023
83
1169
1479
749
2435
278
1784
3004
420
2067
2305
1096
1366
185
1781
2582
3460
2100
2124
2093
1130
1492
1629
101
986
952
282
1705
2308
438
2070
1439
435
3232
3088
1283
2973
3153
2411
637
3181
3415
633
1607
2296
3277
2625
2302
290
1020
1347
566
1633
1871
526
1735
394
2229
1928
165
1674
1267
1877
3128
2234
3097
2343
2744
1443
676
3252
518
839
97
2111
2608
1343
3352
3300
437
175
3231
2179
1230
1028
3435
1331
236
2429
2481
3012
2669
796
1646
1277
2016
2249
2792
520
3066
516
914
2781
2170
3084
874
1257
2195
1573
3040
2484
3323
1440
2386
1852
614
2496
2193
1720
3161
1199
1314
2289
922
247
199
2047
2360
3090
3034
2487
2825
8
2824
1689
1708
3089
854
2780
674
3371
3074
1792
3408
434
2522
722
68
721
2580
261
3247
1359
700
3068
3456
2140
841
3284
2823
1354
2476
1475
1701
1483
3155
144
265
2655
993
321
1337
1905
1219
2692
2609
2766
1233
973
495
1189
1995
1686
1121
910
2303
1428
2678
541
2272
1014
168
1495
3273
1583
3428
1244
2149
1305
239
1539
1104
2828
2735
56
2700
148
1860
1986
2444
1962
3441
240
3361
1197
3336
961
2358
242
3053
2885
195
1457
1171
1801
2227
998
488
1551
2337
1824
2642
2881
3321
1553
1185
3154
2004
2242
2940
1015
1297
1089
2715
1612
1003
2935
1456
822
1814
2231
1484
3205
3375
1748
208
2281
3159
3333
1351
2091
2168
3293
370
2509
2711
1587
1513
3260
563
1061
1751
2638
313
1318
106
567
347
2771
1945
220
2865
1159
2523
2788
3029
2083
3235
37
788
2761
2689
440
564
2879
2391
27
257
995
2104
1768
2890
3195
59
823
264
1809
983
426
2915
52
1700
1473
2424
1397
271
139
915
3207
125
213
471
140
1506
141
3196
316
3144
1135
3050
1401
2795
1919
2630
134
3440
491
2591
2
2802
2142
2947
2942
1062
2414
1187
1571
2988
295
2279
1955
147
1592
1157
681
1287
299
274
1262
361
3446
3224
1254
3212
1369
25
836
2187
323
3158
2431
1059
2759
556
2990
2714
2745
3148
1239
1622
1624
2740
111
787
1724
1764
1902
2886
3057
625
1649
811
198
1147
1921
3413
2073
1550
2238
631
1916
3286
13
530
2571
3299
527
773
2557
1525
446
262
3467
1785
2379
2076
3419
2183
1972
2063
899
660
1220
1964
181
850
2266
2545
1290
1890
3063
2950
621
2139
1992
2992
2405
3054
2916
1742
2106
3067
3368
939
1412
333
2821
1745
2449
2143
1232
2356
1626
86
2760
1564
1572
2307
1303
1036
3085
1706
1740
1105
1018
481
1370
1579
1049
3197
1695
814
856
845
1868
767
3102
2902
2466
486
107
1134
2382
389
287
487
3217
1057
2906
869
3385
1143
934
1206
731
1132
2498
3367
1045
3282
1211
1381
1400
2177
29
1022
1729
1598
2681
1451
3281
3062
2141
847
2299
2603
1616
3091
826
2434
232
2637
2959
2121
1053
2052
2224
619
2727
2934
61
2147
1329
231
2053
72
655
1405
813
2758
1183
3461
41
3388
1460
697
1155
4
2210
1162
493
3317
1987
2397
891
1984
2173
3190
95
2527
304
402
2029
114
1010
338
943
3331
2738
1613
3108
64
307
1136
1485
969
635
1608
3165
360
1643
395
1685
926
2653
3031
2724
1805
1610
441
1761
1969
2034
3438
1559
1970
3229
3353
1384
3002
1024
221
1691
2129
3100
873
3442
31
2873
1288
2646
1769
2127
2672
475
757
2596
3457
2848
2914
2866
3253
2716
492
2061
3285
846
2912
1794
2675
2963
753
979
2407
1679
858
1491
80
1116
1726
477
1958
371
28
3478
1815
2318
1848
723
1823
1647
1985
2001
1575
941
988
1433
2964
1091
2632
3350
1251
1667
2733
985
1597
3357
2784
1001
2021
3324
3386
809
3127
620
3360
2593
1874
2319
397
1856
679
1237
3420
2619
3052
47
1635
3254
2030
2254
2604
2961
2954
359
2943
1831
3379
3414
1161
1226
2206
1034
1904
2975
1252
632
947
1946
1500
2896
1864
1119
357
1976
3169
1770
2566
2137
1561
1364
2558
1118
296
1409
496
1903
2138
1840
2583
2627
2924
593
1469
1150
3081
2908
2693
2326
912
166
390
3011
1271
340
2345
3464
2817
3364
2502
3470
1346
2209
3250
1444
2694
1213
1353
1790
2697
1728
3220
2930
1269
2344
172
3118
458
2721
2387
1589
1099
3289
2980
1123
2117
2863
742
645
741
2426
2718
2316
2244
2946
2475
1776
1182
871
1393
76
1194
1760
927
448
1260
1193
2003
489
3026
2402
179
3105
1888
918
2010
430
2499
1812
2797
1476
2673
2820
308
853
2507
110
1557
3104
2059
1625
1511
119
2779
3098
1738
1595
1201
75
2680
2799
842
342
3398
334
780
800
1509
135
908
3039
2524
3027
1153
2790
892
1507
981
2533
2372
627
3451
1688
579
201
617
210
2182
1461
1830
417
2989
602
2504
366
1893
3308
2065
2648
189
1543
406
592
3345
1750
2441
343
1637
870
3469
2929
230
2513
1258
2278
1342
2725
730
3164
1642
2895
3393
2998
74
1531
1139
476
1424
2856
1208
597
2376
1670
2667
3295
2493
2215
267
122
36
3208
1570
2734
1913
2629
2516
1133
2417
2852
2769
1146
2218
1963
2999
1037
1909
658
2085
782
2265
2537
2532
2422
251
2939
1818
373
151
1791
2841
794
3245
3211
776
2774
1821
1834
3192
3082
2970
1145
529
3436
2551
1758
1502
3101
1898
578
2369
3093
161
73
738
970
2640
349
235
699
281
1336
2191
769
798
457
1090
12
689
3455
1973
2602
1730
392
1527
2928
2081
300
190
79
3430
2199
2427
1620
311
1082
3046
933
1520
2248
1884
376
2038
2515
810
1499
3194
2888
936
1603
668
2505
1261
3156
3018
2749
11
1897
137
2853
692
829
2676
474
2082
3340
358
528
1744
536
1442
1961
680
2110
646
3087
2489
2857
1452
327
1358
318
2587
1654
1941
3041
3075
2611
108
675
3109
686
1832
3307
2649
3292
1103
1158
3417
2136
603
3135
2054
974
3297
3179
403
1602
1420
698
2560
510
3020
3288
2937
1965
3256
3126
1427
1634
2521
3059
581
451
714
1901
3086
930
663
1086
49
772
557
1930
3092
1246
2205
3344
1002
1841
2872
2584
2409
1536
1817
951
2477
828
3404
2880
2836
482
3014
3248
3351
428
3319
2051
2353
1605
1249
3405
761
3070
3471
3381
3079
1998
1772
2478
745
431
244
2019
324
322
1296
2267
1081
964
1124
1417
3055
1855
1395
3170
2868
1031
3145
1719
509
1940
1110
3355
1497
2220
2663
1736
3021
1240
547
400
2600
2239
1323
1360
2787
2656
3163
3433
2470
3230
266
2615
1054
885
1943
1380
1870
1375
2045
2176
2722
3242
1734
1033
3141
1593
2688
44
2933
966
1912
43
685
1292
1073
2433
1007
540
1524
3407
3038
2993
613
3103
259
1248
1276
1218
1454
879
2703
2134
205
1862
1289
2395
372
1842
2911
2396
2399
1295
2408
968
2847
3216
2453
1027
173
2920
2370
2666
3334
2717
2606
605
1759
1798
2373
436
2654
1991
1190
3411
2746
2918
1596
124
2087
422
2336
3198
572
586
1320
2762
1514
3276
2474
1933
2647
40
3303
354
453
807
2798
1594
982
2501
2002
1968
2342
747
2938
2618
1683
1515
352
3146
513
883
3270
1490
3314
1326
2465
1879
1000
2236
2813
2146
2174
864
1505
1993
1196
2730
1783
830
728
1650
2803
2472
1339
2423
542
2553
1324
820
505
15
1019
65
1242
3427
583
2046
85
1584
3116
1466
2447
180
254
1639
886
2039
2579
3376
1117
1619
32
3200
1518
1421
215
644
3225
2589
2870
3107
3221
2098
3310
93
1216
784
494
2921
383
999
490
815
3326
219
2013
2040
3143
3199
3113
2031
128
18
3372
2056
2008
2214
1882
1896
3106
507
2398
1128
3474
1345
616
3142
1222
1097
1696
1338
2361
2893
1231
878
2009
3130
1255
838
2892
1826
2166
3304
1486
1075
1350
1966
1675
1653
560
610
1071
733
3177
1453
3356
3071
1980
777
712
2153
2005
353
792
3354
2702
1356
228
2120
2979
1112
634
2525
1752
1549
3392
62
938
207
642
1056
245
1164
1379
1468
548
565
832
544
3172
2576
1820
2035
1361
374
273
3263
450
2330
429
2048
2546
2492
691
2755
648
2909
2690
2764
1306
1747
3033
447
3328
2634
414
1755
1052
2616
3416
1411
2707
1064
2837
2661
1829
1845
1127
1516
17
2171
1710
2931
667
1659
1949
3422
1849
3298
30
462
3083
2955
855
3448
687
89
1357
3454
1264
3149
341
350
2194
1435
227
1048
925
3443
1546
1796
2570
2389
3348
387
506
2295
329
1122
2351
3401
1327
45
2932
427
3136
3269
584
2728
100
2607
2974
1470
2385
2539
641
1436
1697
2605
2198
3121
1698
2084
2260
2598
1055
3271
1148
3058
1046
863
1217
618
2894
2258
1204
2436
3150
3472
2698
2708
996
524
2752
2192
958
1047
2097
3410
950
2113
2280
1335
1591
963
2704
158
768
1365
1170
750
1050
1887
2178
3423
2058
3402
1437
105
178
3035
2116
2834
2622
2460
188
326
2253
2222
682
1648
2027
693
2691
3223
929
381
1554
1280
2789
3191
3157
473
2794
410
591
1026
1938
3332
1932
1731
34
703
225
3349
2315
1076
1493
2563
1449
615
3008
1175
3468
2861
570
1004
70
2564
2965
16
2338
2233
827
163
2207
2951
2384
1942
1294
711
283
339
3316
1434
824
3077
1372
2483
2304
1438
3222
3243
1114
362
1828
3403
1732
991
1512
2754
459
202
2577
2889
2631
887
1209
739
2114
688
2223
2363
561
2096
825
3151
3064
851
285
1665
806
1259
3139
2354
2287
1198
2189
2202
2713
2246
90
862
555
1144
3187
1838
319
325
2913
2554
2829
3312
953
852
622
954
432
2864
1532
2840
1308
844
1952
2613
2843
1839
55
2773
218
3339
2650
1398
3399
2014
2108
3025
535
2283
669
2322
2230
1547
1927
2355
818
928
2162
3162
1078
2878
1285
1180
695
1322
33
623
2290
2006
365
2473
346
3019
1214
1241
3390
2508
1843
2237
898
131
1835
2364
1718
1771
2480
1574
945
226
1631
1291
301
3065
3209
1304
1459
2552
503
2903
755
3076
1725
3439
944
643
2457
1774
1079
118
2945
2978
1939
2394
260
1058
812
1687
1937
2469
3124
1051
2599
1310
3016
1005
519
3458
3206
2543
154
2804
2204
1154
3395
1709
317
1786
967
1806
2801
2442
2026
206
984
1609
971
1165
1032
478
881
2877
746
726
1234
960
384
1756
156
1043
657
3133
96
1087
2334
2228
1138
781
1676
2956
460
2286
24
1481
994
2225
1712
909
2958
2996
3114
554
2078
1601
976
2796
192
590
164
268
876
3241
1247
3397
2131
1080
92
1328
2657
906
1368
1743
1039
1600
2575
2374
1630
2144
2257
2883
1681
1563
3175
1614
1721
2400
407
1954
1192
1894
153
2268
1333
3363
159
1012
2128
3015
537
706
2320
82
2768
785
1693
580
2624
2751
1813
2362
1210
1779
2741
6
2568
1085
412
3219
531
54
1552
466
671
783
23
2050
3132
903
1441
1016
732
3434
3060
253
212
2658
1661
2819
2590
2036
2919
485
2544
894
1534
1944
2506
104
1072
2677
1837
1040
1088
2972
771
2633
1929
1763
2152
345
3447
211
1907
1077
1102
1521
704
719
416
2737
421
2245
3043
539
2235
514
386
1990
3112
1450
2636
3
1488
3426
1883
3047
2255
2816
2987
2416
3007
744
2777
2163
1765
3383
58
1947
2197
1519
2588
3396
725
465
764
113
1319
759
562
2567
1458
2585
1590
1739
1711
1548
1224
2020
2652
588
1279
3394
1307
2282
1445
598
94
2348
849
2094
1664
972
1498
196
2534
1263
1376
1008
1352
1422
1095
1278
600
2512
1569
1221
1184
391
194
2443
127
1238
2165
2900
2651
1926
2617
1804
3259
789
293
193
2674
2971
2936
1141
2468
284
3072
2180
3290
3429
2294
752
2401
1533
123
2490
2099
636
880
3268
1677
2190
3099
138
2377
2324
469
2011
132
735
1270
2851
630
819
2991
1038
3476
2024
895
3110
1501
2748
576
2413
3234
683
888
959
1934
3450
2497
1917
1385
2301
2491
2723
2339
608
50
3147
2298
2329
1478
1971
1867
2123
411
1107
2352
1876
2247
3069
272
2876
377
2164
2679
740
1009
1236
2271
187
136
3391
1168
2556
3424
1172
351
461
35
2359
955
2022
1392
804
2169
793
2437
1651
3134
3185
3214
525
2800
2445
534
1833
2807
439
2201
1555
129
1723
650
42
3001
1390
1272
3465
3003
1407
834
306
3123
765
791
399
1413
2839
3258
1426
736
2430
1582
987
1866
2845
2132
724
684
893
2644
2486
2597
817
2122
2226
1530
160
2089
396
20
3240
2335
2088
896
770
