59 1021
810 1020
29 1019
160 1018
31 1017
49 1016
117 1015
35 1014
36 1013
49 1012
48 1011
36 1010
60 1009
96 1008
45 1007
178 1006
60 1005
49 1004
810 1003
942 1002
810 1001
35 1000
85 999
29 998
35 997
141 996
88 995
60 994
37 993
186 992
164 991
42 990
24 989
42 988
810 987
33 986
71 985
96 984
21 983
141 983
488 982
67 981
160 980
22 979
60 978
186 977
153 976
334 975
33 974
96 973
71 972
23 971
48 970
24 969
24 968
31 967
810 966
42 965
164 964
810 963
85 962
71 961
810 960
241 959
178 958
39 957
44 956
35 955
71 954
48 953
44 952
810 951
85 950
241 949
22 948
59 947
45 946
36 945
6 944
44 944
49 943
3 942
21 942
85 941
186 940
810 939
22 938
44 937
23 936
23 935
334 934
2 933
488 933
810 932
59 931
88 930
810 929
810 928
35 927
45 926
147 925
42 924
241 923
33 922
45 921
71 921
31 920
22 919
67 918
33 917
334 916
85 915
85 914
24 913
42 912
178 911
334 910
35 909
31 908
48 907
117 906
37 905
29 904
810 903
178 902
60 901
147 900
42 899
85 898
71 897
810 896
49 895
59 894
67 893
23 892
96 891
178 890
334 889
71 888
59 887
29 886
85 885
48 884
45 883
49 882
33 881
49 880
60 879
117 878
60 877
48 876
117 875
67 874
241 873
160 872
49 871
24 870
49 869
810 868
334 867
23 866
23 865
96 864
49 863
37 862
48 861
67 860
31 859
48 858
22 857
44 856
164 855
273 854
334 853
22 852
71 851
39 850
71 849
48 848
488 847
71 846
96 845
67 844
42 843
49 842
88 841
71 840
95 839
35 838
810 837
96 836
147 835
67 834
22 833
44 832
241 831
23 830
178 829
273 828
39 827
29 826
23 825
488 824
60 823
39 822
141 822
96 821
49 820
42 819
33 818
67 817
810 816
31 815
153 814
44 813
23 812
45 811
15 810
21 810
48 809
273 808
186 807
37 806
31 805
48 804
29 803
241 802
153 801
141 800
85 799
59 798
42 797
147 796
31 795
35 794
29 793
35 792
334 791
71 790
160 790
60 789
33 788
488 787
33 786
44 785
45 784
95 783
59 782
96 781
60 780
22 779
48 778
35 777
273 776
67 775
164 774
334 773
45 772
241 771
67 770
117 769
95 768
23 767
37 766
334 765
85 764
186 763
273 762
273 761
60 760
117 760
334 759
37 758
164 757
153 756
160 755
35 754
44 753
60 752
45 751
186 750
85 749
488 748
71 747
141 746
49 745
6 744
39 744
39 743
24 742
33 741
147 740
71 739
85 738
44 737
35 736
48 735
71 734
160 733
60 732
85 731
488 730
18 729
67 729
49 728
35 727
42 726
3 725
39 725
36 724
153 723
35 722
186 721
241 720
33 719
273 718
44 717
23 716
85 715
164 714
178 713
45 712
67 711
96 710
153 709
71 708
67 707
45 706
186 705
31 704
85 703
42 702
39 701
241 700
186 699
49 698
24 697
31 696
147 695
95 694
44 693
186 692
147 691
160 690
29 689
85 688
117 688
88 687
95 686
33 685
31 684
23 683
29 682
25 681
147 680
334 679
60 678
85 677
85 676
45 675
33 674
44 673
96 672
23 671
23 670
29 669
186 668
33 667
33 666
48 665
45 664
141 663
33 662
160 661
25 660
186 659
24 658
31 657
67 656
49 655
35 654
33 653
36 652
334 651
37 650
48 649
71 648
153 647
88 646
95 645
153 644
48 643
37 642
178 641
153 640
147 639
273 638
178 637
44 636
59 636
25 635
71 635
241 634
241 633
42 632
96 631
45 630
37 629
37 628
49 627
85 627
334 626
33 625
39 624
186 623
164 622
44 621
164 620
85 619
60 618
186 617
59 616
488 615
147 614
186 613
153 612
117 611
48 610
160 609
33 608
42 607
45 606
42 605
42 604
48 603
18 602
488 602
39 601
48 600
44 599
153 598
95 597
44 596
153 596
36 595
85 594
59 593
39 592
178 591
186 590
60 589
42 588
60 587
59 586
85 585
117 584
25 583
178 583
33 582
49 581
33 580
60 579
42 578
42 577
241 576
164 575
2 574
95 574
117 573
44 572
334 571
23 570
141 569
33 568
23 567
85 566
39 565
36 564
273 563
49 562
273 561
241 560
49 559
147 558
178 557
488 556
25 555
31 554
49 553
17 552
60 552
29 551
59 550
49 549
45 548
153 547
147 546
153 545
85 544
164 543
22 542
59 541
178 540
31 539
24 538
31 537
153 536
35 535
48 534
60 533
60 532
147 531
29 530
178 530
23 529
49 528
22 527
24 526
25 525
37 524
88 523
42 522
45 521
12 520
44 520
178 519
178 518
59 517
36 516
59 515
164 514
10 513
39 513
95 512
35 511
35 510
96 509
164 508
95 507
67 506
33 505
25 504
49 503
96 502
334 501
153 500
44 499
44 498
67 497
49 496
42 495
17 494
24 494
241 493
153 492
22 491
273 490
29 489
2 488
11 488
11 487
29 487
60 486
153 485
22 484
160 483
334 482
35 481
186 480
178 479
25 478
186 478
31 477
29 476
19 475
67 475
31 474
14 473
31 473
85 472
117 471
186 470
67 469
153 468
45 467
186 466
49 465
36 464
178 463
60 462
60 461
71 460
153 459
186 458
23 457
147 456
164 455
25 454
37 453
33 452
95 451
334 450
48 449
178 448
241 447
164 446
334 445
37 444
25 443
39 442
36 441
2 440
96 440
186 439
334 438
29 437
2 436
49 436
25 435
44 434
160 433
15 432
23 432
71 431
334 430
23 429
29 428
60 428
67 427
29 426
147 425
37 424
334 423
186 422
96 421
117 420
178 419
44 418
44 417
44 416
85 415
45 414
95 413
48 412
20 411
334 411
164 410
160 409
273 408
24 407
160 406
186 405
33 404
85 403
45 402
60 401
241 400
95 399
35 398
186 397
60 396
19 395
95 395
25 394
42 394
39 393
178 392
95 391
117 390
241 389
88 388
60 387
29 386
241 385
44 384
35 383
164 382
23 381
241 380
36 379
147 378
71 377
11 376
147 376
42 375
334 374
42 373
42 372
186 371
24 370
48 369
42 368
23 367
60 366
35 365
186 364
117 363
71 362
39 361
44 360
71 359
7 358
22 358
10 357
29 357
71 356
117 355
39 354
273 353
273 352
39 351
59 350
95 349
117 348
71 347
35 346
67 345
71 344
35 343
241 342
60 341
60 340
95 339
33 338
39 337
71 336
49 335
3 334
11 334
29 333
117 333
44 332
153 331
48 330
95 329
59 328
37 327
25 326
117 325
85 324
273 323
31 322
60 321
71 320
45 319
71 318
67 317
13 316
186 316
35 315
60 315
33 314
241 313
33 312
22 311
7 310
273 310
141 309
186 308
31 307
241 306
39 305
48 304
49 303
60 302
60 301
153 300
23 299
31 298
23 297
24 296
178 295
48 294
31 293
42 292
45 291
42 290
160 289
49 288
6 287
117 287
59 286
33 285
147 284
22 283
49 282
67 281
42 280
35 279
95 278
186 277
45 276
49 275
6 274
49 274
7 273
19 273
95 272
95 271
29 270
33 269
117 268
29 267
29 266
95 266
241 265
147 264
141 263
24 262
45 261
23 260
29 259
153 258
59 257
95 256
59 255
48 254
67 253
48 252
0 251
42 251
67 250
31 249
33 248
96 247
33 246
160 245
35 244
117 243
39 242
0 241
21 241
85 240
95 239
39 238
3 237
44 237
141 236
153 235
25 234
141 233
35 232
49 231
67 231
178 230
35 229
147 228
67 227
60 226
8 225
117 225
25 224
44 223
67 222
95 221
59 220
147 219
7 218
44 218
48 217
117 216
24 215
23 214
29 213
153 212
164 211
95 210
141 209
1 208
60 208
49 207
95 206
95 205
42 204
117 203
44 202
67 201
186 200
178 199
67 198
71 197
67 196
96 195
178 194
24 193
29 192
186 191
95 190
33 189
59 188
59 187
4 186
17 186
67 185
59 184
95 183
117 182
178 181
22 180
117 179
12 178
19 178
60 177
36 176
44 175
29 174
60 173
39 172
117 172
29 171
25 170
117 169
44 168
45 167
117 166
117 165
2 164
11 164
48 163
23 162
37 161
2 160
3 160
39 159
29 158
95 157
59 156
49 155
117 154
1 153
21 153
85 152
95 151
67 150
49 149
35 148
7 147
18 147
36 146
49 145
95 144
96 143
42 142
14 141
16 141
11 140
45 140
36 139
117 138
117 137
36 136
3 135
36 135
88 134
33 133
60 132
24 131
29 130
60 129
59 128
39 127
95 126
23 125
59 125
33 124
0 123
49 123
49 122
45 121
95 120
45 119
96 118
10 117
15 117
60 116
85 115
42 114
13 113
25 113
71 112
71 111
44 110
17 109
31 109
48 108
44 107
42 106
4 105
29 105
42 104
48 103
23 102
60 102
42 101
48 100
31 99
71 98
85 97
4 96
16 96
12 95
19 95
3 94
67 94
21 93
59 93
33 92
20 91
25 91
85 90
35 89
5 88
18 88
59 87
44 86
6 85
10 85
22 84
67 83
18 82
39 82
2 81
49 81
67 80
29 79
23 78
44 78
10 77
39 77
25 76
23 75
29 74
59 73
42 72
15 71
18 71
39 70
42 70
22 69
48 68
6 67
10 67
49 66
44 65
20 64
23 64
42 63
39 62
16 61
49 61
11 60
15 60
6 59
20 59
35 58
25 57
44 56
49 55
3 54
44 54
21 53
36 53
39 52
42 51
23 50
11 49
18 49
5 48
21 48
44 47
19 46
35 46
4 45
13 45
3 44
13 44
2 43
39 43
12 42
21 42
14 41
37 41
33 40
13 39
19 39
36 38
4 37
14 37
1 36
8 36
0 35
11 35
31 34
7 33
19 33
25 32
6 31
14 31
22 30
3 29
18 29
25 28
1 27
25 27
15 26
23 26
2 25
15 25
7 24
17 24
13 23
16 23
3 22
7 22
