>  22 1219 1167 1124 1080 1071 1002 817 748 710 620 599 597 569 562 553 396 356 336 324 291 222 207 181 180 179 178 177 176 175 174 91 90 89 59 7 6 5 4 3 2
>  97 1219 1173 1171 1167 1124 1089 1082 1080 1073 1071 1066 1050 1002 1000 978 969 945 919 906 817 812 763 750 748 715 710 692 686 676 673 635 620 599 597 587 584 569 562 556 553 540 519 501 477 476 467 400 396 392 360 357 356 336 324 319 297 291 258 244 222 212 208 207 181 180 179 178 177 176 175 174 126 125 124 123 122 121 120 119 97 96 95 94 93 92 91 90 89 59 17 10 9 8 7 6 5 4 3 2
>  104 708 690 639 504 432 398 377 360 299 275 221 208 173 172 171 170 97 96 95 94 93 92 56 55 54 53 52 10 9 8
>  111 919 676 587 519 319 212 126 125 124 123 122 121 120 119 17
>  116 1229 1167 1089 1071 1068 1066 1062 1036 990 985 969 928 919 825 753 750 676 667 660 653 617 608 587 519 479 478 453 441 407 400 396 366 331 324 320 319 297 294 244 230 214 212 207 136 135 134 133 126 125 124 123 122 121 120 119 91 90 89 28 27 26 25 24 17 7 6 5 4 3 2
>  128 1219 1173 1167 1124 1089 1080 1071 1066 1002 969 919 817 812 750 748 710 676 635 620 599 597 587 569 562 556 553 519 501 476 400 396 356 336 324 319 297 291 244 222 212 207 181 180 179 178 177 176 175 174 126 125 124 123 122 121 120 119 91 90 89 59 17 7 6 5 4 3 2
>  160 1209 847 575 567 321 224 217 187 186 185 154 153 152 151 150 149 148 71 70 69 68 67 66 39 38
>  188 1092 1081 939 787 525 452 411 401 318 237 216 213 147 146 145 144 143 142 141 130 129 128 127 37 36 22 21 20 19 18
>  204 1092 939 787 452 411 401 237 213 130 129 128 23 22 21 20 19 18
>  208 1167 1071 1064 937 834 651 563 525 500 396 324 216 207 147 146 145 144 143 142 141 91 90 89 37 36 7 6 5 4 3 2
>  214 1197 1167 1089 1071 1066 997 969 919 856 750 717 676 657 625 592 587 547 519 470 434 400 396 368 365 359 338 337 334 324 319 311 297 244 239 215 212 210 207 140 139 138 137 126 125 124 123 122 121 120 119 110 109 108 107 106 105 91 90 89 35 34 33 32 31 17 15 14 13 7 6 5 4 3 2
>  217 1229 1167 1071 1062 962 825 667 660 653 634 617 608 583 557 484 479 453 451 441 407 402 399 396 366 345 331 324 320 294 288 230 219 214 207 167 166 165 164 163 162 136 135 134 133 91 90 89 44 43 42 29 28 27 26 25 24 7 6 5 4 3 2
>  247 1171 1167 1089 1071 1066 987 978 977 969 945 927 919 750 715 709 700 692 687 676 673 648 600 587 552 540 519 515 408 400 396 391 375 360 351 343 324 319 297 260 258 244 236 212 209 208 207 206 126 125 124 123 122 121 120 119 104 103 102 101 100 99 98 97 96 95 94 93 92 91 90 89 88 87 86 85 84 83 82 81 17 12 11 10 9 8 7 6 5 4 3 2 1
>  255 687 600 547 360 239 210 209 208 110 109 108 107 106 105 104 103 102 101 100 99 98 97 96 95 94 93 92 15 14 13 12 11 10 9 8
>  260 1167 1071 987 927 709 700 687 648 600 515 396 324 260 209 207 206 104 103 102 101 100 99 98 91 90 89 88 87 86 85 84 83 82 81 12 11 7 6 5 4 3 2 1
>  280
>  287 1219 1217 1216 1195 1067 1065 1002 859 850 838 806 749 699 691 689 683 631 607 597 581 553 530 517 516 429 369 336 263 261 259 255 223 222 215 184 183 182 181 180 179 178 177 176 175 174 140 139 138 137 65 64 63 62 61 60 59 35 34 33 32 31
>  308 1217 607 255 223 184 183 182 65 64 63 62 61 60
>  324 1209 1046 991 956 847 826 822 757 755 727 663 623 615 612 594 585 579 575 567 531 475 416 380 349 339 224 215 211 187 186 185 140 139 138 137 118 117 116 115 114 113 112 111 71 70 69 68 67 66 35 34 33 32 31 16
>  330 360 215 208 140 139 138 137 97 96 95 94 93 92 35 34 33 32 31 10 9 8
>  339 1167 1071 1021 889 720 688 655 619 568 521 396 324 321 279 277 217 207 206 154 153 152 151 150 149 148 91 90 89 88 87 86 85 84 83 82 81 39 38 7 6 5 4 3 2 1
>  340 1219 1171 1167 1124 1082 1080 1073 1071 1050 1002 1000 978 945 906 817 763 748 715 710 692 686 673 620 599 597 584 569 562 553 540 477 467 396 392 360 357 356 336 324 291 258 222 208 207 181 180 179 178 177 176 175 174 97 96 95 94 93 92 91 90 89 59 10 9 8 7 6 5 4 3 2
>  352 1167 1071 396 324 207 91 90 89 7 6 5 4 3 2
>  357
>  382 1217 1041 1030 935 885 821 775 628 607 573 557 525 451 402 399 345 256 255 235 223 219 216 184 183 182 167 166 165 164 163 162 147 146 145 144 143 142 141 65 64 63 62 61 60 44 43 42 37 36
>  391 1167 1092 1071 984 939 787 618 534 495 452 431 411 401 396 384 344 324 238 237 213 207 130 129 128 91 90 89 23 22 21 20 19 18 7 6 5 4 3 2
>  397 360 208 97 96 95 94 93 92 10 9 8
>  405 687 600 360 321 217 209 208 154 153 152 151 150 149 148 104 103 102 101 100 99 98 97 96 95 94 93 92 39 38 12 11 10 9 8
>  431 1219 1209 1178 1167 1146 1124 1080 1071 1002 987 927 847 817 770 759 748 710 709 700 687 678 648 647 620 600 599 597 575 569 567 562 560 559 553 515 506 469 396 356 354 336 324 301 291 260 251 224 222 209 207 187 186 185 181 180 179 178 177 176 175 174 104 103 102 101 100 99 98 91 90 89 71 70 69 68 67 66 59 12 11 7 6 5 4 3 2
>  453 1229 1167 1071 1062 825 667 660 653 617 608 479 453 441 407 396 366 331 324 320 294 230 214 207 136 135 134 133 91 90 89 28 27 26 25 24 7 6 5 4 3 2
>  484 1206 1180 1167 1084 1071 962 681 634 629 583 557 538 484 455 451 402 399 396 345 324 317 307 288 225 219 207 191 190 189 188 167 166 165 164 163 162 91 90 89 76 75 74 73 72 44 43 42 7 6 5 4 3 2
>  511 1167 1071 396 324 207 91 90 89 7 6 5 4 3 2
>  517
>  600 1210 1164 1153 1068 1062 1036 994 990 919 804 735 676 653 637 617 608 587 586 519 478 435 407 367 360 331 327 320 319 306 294 266 214 212 208 136 135 134 133 126 125 124 123 122 121 120 119 97 96 95 94 93 92 28 27 26 25 24 17 10 9 8
>  622 1209 847 575 567 475 224 215 187 186 185 140 139 138 137 71 70 69 68 67 66 35 34 33 32 31
>  629 1167 1071 962 634 583 557 484 451 402 399 396 345 324 288 219 207 167 166 165 164 163 162 91 90 89 44 43 42 7 6 5 4 3 2
>  632 1068 1062 1036 919 676 653 617 608 587 519 478 407 331 320 319 294 214 212 136 135 134 126 125 124 123 122 121 120 119 29 28 27 26 25 24 17
>  633 1167 1071 396 324 207 91 90 89 7 6 5 4 3 2
>  636 1209 847 575 567 475 224 215 187 186 185 140 139 138 137 71 70 69 68 67 66 35 34 33 32 31
>  5 1167 1071 987 962 927 709 700 687 648 634 600 583 557 515 484 451 402 399 396 345 324 288 260 219 209 207 206 167 166 165 164 163 162 104 103 102 101 100 99 98 91 90 89 88 87 86 85 84 83 82 81 44 43 42 12 11 7 6 5 4 3 2 1
>  7 1167 1071 962 634 583 557 484 451 402 399 396 345 324 288 219 207 167 166 165 164 163 162 91 90 89 44 43 42 7 6 5 4 3 2
>  9 1210 1170 1164 1153 1062 994 940 926 905 879 852 826 804 735 733 727 653 637 630 617 615 612 608 606 586 585 524 435 422 416 407 404 367 360 342 339 331 327 320 310 306 294 283 269 267 266 252 214 211 208 136 135 134 133 118 117 116 115 114 113 112 111 97 96 95 94 93 92 28 27 26 25 24 16 10 9 8
>  16 1092 1081 939 787 452 411 401 318 237 213 130 129 128 127 22 21 20 19 18
>  17 1092 939 787 452 411 401 237 215 213 140 139 138 137 130 129 128 35 34 33 32 31 23 22 21 20 19 18
>  18 1062 653 617 608 407 331 320 294 214 136 135 30 29 28 27 26 25 24
>  19 1167 1071 1021 720 619 568 396 324 321 279 277 217 207 154 153 152 151 150 149 148 91 90 89 39 38 7 6 5 4 3 2
>  31 1167 1071 987 927 709 700 687 648 600 515 396 324 260 209 207 104 103 102 101 100 99 98 91 90 89 12 11 7 6 5 4 3 2
>  38 1167 1071 1021 720 619 568 396 324 321 279 277 217 207 154 153 152 151 150 149 148 91 90 89 39 38 7 6 5 4 3 2
>  47 360 208 97 96 95 94 93 92 10 9 8
>  50 1219 1216 1065 1002 991 888 850 838 826 806 755 749 727 699 691 689 683 631 615 612 597 585 581 579 565 564 557 553 530 516 451 416 402 399 345 339 336 293 263 261 234 222 219 215 211 181 180 179 178 177 176 175 174 167 166 165 164 163 162 140 139 138 137 118 117 116 115 114 113 112 111 59 44 43 42 35 34 33 32 31 16
>  53 1210 1164 1153 1062 994 804 735 653 637 617 608 586 435 407 367 360 331 327 320 306 294 266 214 208 136 135 134 133 97 96 95 94 93 92 28 27 26 25 24 10 9 8
>  54 1209 847 575 567 475 224 215 187 186 185 140 139 138 137 71 70 69 68 67 66 35 34 33 32 31
>  62 1167 1092 1071 984 939 787 618 534 495 452 431 411 401 396 384 344 324 238 237 213 207 130 129 128 91 90 89 23 22 21 20 19 18 7 6 5 4 3 2
>  69 1167 1071 826 727 627 615 612 596 585 416 396 339 324 273 211 207 118 117 116 115 114 113 112 111 91 90 89 16 7 6 5 4 3 2
>  71 1219 1002 687 603 600 597 553 423 336 326 280 265 222 209 206 181 180 179 178 177 176 175 174 104 103 102 101 100 99 98 88 87 86 85 84 83 82 81 59 12 11 1
>  74 1167 1071 1064 962 937 834 651 634 583 563 557 525 500 484 451 402 399 396 345 324 288 219 216 207 167 166 165 164 163 162 147 146 145 144 143 142 141 91 90 89 44 43 42 37 36 7 6 5 4 3 2
>  83 1167 1071 962 634 583 557 484 451 402 399 396 345 324 288 219 207 167 166 165 164 163 162 91 90 89 44 43 42 7 6 5 4 3 2
>  88 1167 1071 396 324 207 91 90 89 7 6 5 4 3 2
>  100 1167 1071 987 927 709 700 687 648 600 515 396 324 260 209 207 206 104 103 102 101 100 99 98 91 90 89 88 87 86 85 84 83 82 81 12 11 7 6 5 4 3 2 1
>  108 1167 1071 987 927 709 700 687 648 600 515 396 324 260 209 207 206 104 103 102 101 100 99 98 91 90 89 88 87 86 85 84 83 82 81 12 11 7 6 5 4 3 2 1
>  110 1219 1173 1167 1124 1089 1080 1071 1066 1002 987 969 927 919 817 812 750 748 710 709 700 687 676 648 635 620 600 599 597 587 569 562 556 553 519 515 501 476 400 396 356 336 324 319 297 291 260 244 222 212 209 207 181 180 179 178 177 176 175 174 126 125 124 123 122 121 120 119 104 103 102 101 100 99 98 91 90 89 59 17 12 11 7 6 5 4 3 2
>  111 1209 847 575 567 475 224 215 187 186 185 140 139 138 137 71 70 69 68 67 66 35 34 33 32 31
>  116 1171 1167 1071 978 945 715 692 673 540 396 360 324 258 208 207 206 97 96 95 94 93 92 91 90 89 88 87 86 85 84 83 82 81 10 9 8 7 6 5 4 3 2 1
>  120 1227 1167 1114 1071 1064 987 937 927 834 826 734 727 709 700 687 651 648 627 615 612 600 596 585 563 548 525 515 500 489 471 416 396 339 324 273 260 216 211 209 207 147 146 145 144 143 142 141 118 117 116 115 114 113 112 111 104 103 102 101 100 99 98 91 90 89 37 36 16 12 11 7 6 5 4 3 2
>  134 1209 847 575 567 475 224 215 187 186 185 140 139 138 137 71 70 69 68 67 66 35 34 33 32 31
>  138 1167 1071 826 727 627 615 612 596 585 416 396 339 324 273 211 207 118 117 116 115 114 113 112 111 91 90 89 16 7 6 5 4 3 2
>  141 1217 607 255 223 215 184 183 182 140 139 138 137 65 64 63 62 61 60 35 34 33 32 31
>  146 1219 1184 1175 1167 1124 1080 1071 1021 1002 953 899 817 802 748 739 720 710 620 619 599 597 569 568 562 553 505 396 394 356 336 335 324 321 291 279 277 222 217 207 181 180 179 178 177 176 175 174 154 153 152 151 150 149 148 91 90 89 59 39 38 7 6 5 4 3 2
>  149 1167 1071 987 962 927 709 700 687 648 634 600 583 557 515 484 451 402 399 396 345 324 288 260 219 209 207 167 166 165 164 163 162 104 103 102 101 100 99 98 91 90 89 44 43 42 12 11 7 6 5 4 3 2
>  150 687 600 209 206 104 103 102 101 100 99 98 88 87 86 85 84 83 82 81 12 11 1
>  157 1167 1071 396 324 207 91 90 89 7 6 5 4 3 2
>  165 360 208 97 96 95 94 93 92 10 9 8
>  169 1062 653 617 608 407 331 320 294 214 136 135 134 133 28 27 26 25 24
>  179 1167 1071 962 634 583 557 484 451 402 399 396 345 324 288 219 207 167 166 165 164 163 162 91 90 89 44 43 42 7 6 5 4 3 2
>  180 1219 1167 1124 1080 1071 1002 817 748 710 620 599 597 569 562 553 396 356 336 324 291 222 207 181 180 179 178 177 176 175 174 91 90 89 59 7 6 5 4 3 2
>  182 1219 1171 1167 1124 1082 1080 1073 1071 1050 1002 1000 978 945 906 817 763 748 715 710 692 686 673 620 599 597 584 569 562 553 540 477 467 396 392 360 357 356 336 324 291 258 222 208 207 181 180 179 178 177 176 175 174 97 96 95 94 93 92 91 90 89 59 10 9 8 7 6 5 4 3 2
>  184 1226 1219 1197 1185 1167 1127 1124 1080 1071 1043 1010 1002 987 927 886 884 856 853 829 827 817 767 764 748 717 710 709 707 706 704 700 687 648 620 603 600 599 597 591 569 562 553 547 515 434 423 397 396 368 356 336 334 328 326 324 311 291 287 282 280 265 260 246 239 222 210 209 207 206 181 180 179 178 177 176 175 174 110 109 108 107 106 105 104 103 102 101 100 99 98 91 90 89 88 87 86 85 84 83 82 81 59 15 14 13 12 11 7 6 5 4 3 2 1
>  190 1167 1071 396 324 207 91 90 89 7 6 5 4 3 2
>  193
>  196 1167 1071 1021 720 619 568 396 324 321 279 277 217 207 154 153 152 151 150 149 148 91 90 89 39 38 7 6 5 4 3 2
>  198 1092 939 787 452 411 401 237 213 130 129 128 23 22 21 20 19 18
>  199 1219 1002 899 597 553 505 394 336 335 321 222 217 181 180 179 178 177 176 175 174 154 153 152 151 150 149 148 59 39 38
>  202 687 600 215 209 206 140 139 138 137 104 103 102 101 100 99 98 88 87 86 85 84 83 82 81 35 34 33 32 31 12 11 1
>  205 1167 1071 396 324 207 91 90 89 7 6 5 4 3 2
>  208 1219 1216 1065 1002 850 838 806 749 699 691 689 687 683 631 603 600 597 581 553 530 516 423 336 326 280 265 263 261 222 215 209 206 181 180 179 178 177 176 175 174 140 139 138 137 104 103 102 101 100 99 98 88 87 86 85 84 83 82 81 59 35 34 33 32 31 12 11 1
>  209 1167 1071 396 324 207 91 90 89 7 6 5 4 3 2
>  211 1167 1071 987 927 709 700 687 648 600 515 396 324 260 209 207 206 104 103 102 101 100 99 98 91 90 89 88 87 86 85 84 83 82 81 12 11 7 6 5 4 3 2 1
>  213 1209 1092 1081 939 847 787 575 567 452 411 401 318 237 224 213 187 186 185 130 129 128 127 71 70 69 68 67 66 22 21 20 19 18
>  217 1092 1081 939 787 525 452 411 401 318 237 216 213 147 146 145 144 143 142 141 130 129 128 127 37 36 22 21 20 19 18
>  218 1219 1171 1167 1124 1082 1080 1073 1071 1050 1002 1000 978 945 906 817 763 748 715 710 692 686 673 620 599 597 584 569 562 553 540 477 467 396 392 360 357 356 336 324 291 258 222 208 207 181 180 179 178 177 176 175 174 97 96 95 94 93 92 91 90 89 59 10 9 8 7 6 5 4 3 2
>  221 1219 1167 1124 1080 1071 1002 888 826 817 748 727 710 627 620 615 612 599 597 596 585 569 565 564 562 553 416 396 356 339 336 324 293 291 273 234 222 211 207 181 180 179 178 177 176 175 174 118 117 116 115 114 113 112 111 91 90 89 59 16 7 6 5 4 3 2
>  224 1092 939 787 452 411 401 237 213 130 129 128 23 22 21 20 19 18
>  225 1167 1071 396 324 207 91 90 89 7 6 5 4 3 2
>  227 1219 1209 1178 1167 1146 1124 1080 1071 1002 847 817 770 759 748 710 678 647 620 599 597 575 569 567 562 560 559 553 506 469 396 356 354 336 324 301 291 251 224 222 207 187 186 185 181 180 179 178 177 176 175 174 91 90 89 71 70 69 68 67 66 59 7 6 5 4 3 2
