18 976
60 976
8 975
49 975
185 974
198 973
159 972
3 971
127 971
13 970
136 970
17 969
27 969
113 968
176 967
11 966
165 966
11 965
185 965
3 964
139 964
16 963
150 963
18 962
106 962
8 961
108 961
6 960
26 960
4 959
37 959
16 958
195 958
11 957
39 957
19 956
142 956
18 955
50 955
17 954
64 954
2 953
207 953
0 952
68 952
0 951
112 951
10 950
55 950
2 949
175 949
170 948
18 947
31 947
99 946
15 945
205 945
190 944
11 943
102 943
10 942
82 942
114 941
11 940
145 940
17 939
181 939
2 938
29 938
8 937
23 937
175 936
14 935
90 935
13 934
126 934
19 933
200 933
8 932
158 932
2 931
92 931
19 930
96 930
18 929
58 929
92 928
13 927
181 927
1 926
43 926
3 925
149 925
0 924
105 924
13 923
80 923
15 922
138 922
8 921
66 921
211 920
11 919
144 919
19 918
47 918
187 917
79 916
3 915
198 915
38 914
3 913
83 913
3 912
156 912
19 911
185 911
20 910
153 910
110 909
216 908
11 907
138 907
186 906
28 905
18 904
105 904
48 903
10 902
187 902
162 901
10 900
148 900
114 899
0 898
30 898
16 897
84 897
159 896
210 895
1 894
108 894
19 893
91 893
12 892
45 892
2 891
200 891
17 890
170 890
17 889
77 889
5 888
120 888
6 887
172 887
19 886
140 886
16 885
125 885
20 884
90 884
19 883
193 883
93 882
170 881
80 880
4 879
177 879
19 878
176 878
11 877
112 877
101 876
2 875
206 875
70 874
16 873
206 873
11 872
71 872
17 871
95 871
3 870
30 870
112 869
189 868
200 867
152 866
15 865
61 865
19 864
169 864
0 863
130 863
14 862
27 862
11 861
88 861
147 860
15 859
90 859
13 858
139 858
13 857
48 857
14 856
24 856
174 855
21 854
185 854
2 853
24 853
0 852
185 852
13 851
66 851
3 850
97 850
80 849
20 848
28 848
19 847
155 847
96 846
14 845
45 845
28 844
11 843
89 843
151 842
110 841
140 840
19 839
156 839
173 838
20 837
115 837
54 836
18 835
51 835
19 834
75 834
24 833
6 832
95 832
230 831
7 830
119 830
10 829
174 829
12 828
71 828
196 827
13 826
59 826
16 825
144 825
13 824
23 824
7 823
118 823
29 822
57 821
36 820
19 819
34 819
18 818
187 818
205 817
0 816
170 816
58 815
166 814
100 813
105 812
216 811
13 810
97 810
13 809
63 809
228 808
127 807
83 806
40 805
217 804
139 803
10 802
111 802
0 801
61 801
31 800
112 799
57 798
63 797
4 796
153 796
137 795
61 794
65 793
20 792
80 792
4 791
155 791
103 790
62 789
21 788
75 788
19 787
68 787
19 786
39 786
4 785
171 785
30 784
13 783
112 783
15 782
86 782
6 781
127 781
206 780
16 779
95 779
50 778
15 777
119 777
2 776
171 776
204 775
52 774
64 773
208 772
184 771
18 770
32 770
189 769
13 768
81 768
205 767
103 766
10 765
162 765
225 764
230 763
10 762
28 762
84 761
72 760
118 759
193 758
12 757
28 757
56 756
15 755
46 755
1 754
197 754
3 753
52 753
6 752
24 752
20 751
133 751
218 750
0 749
117 749
0 748
38 748
151 747
138 746
0 745
122 745
204 744
109 743
176 742
131 741
0 740
23 740
4 739
148 739
18 738
103 738
212 737
1 736
44 736
161 735
4 734
146 734
140 733
0 732
173 732
0 731
116 731
12 730
105 730
21 729
159 729
0 728
60 728
154 727
216 726
214 725
21 724
197 724
18 723
91 723
6 722
205 722
208 721
118 720
129 719
116 718
63 717
14 716
97 716
11 715
69 715
158 714
15 713
139 713
12 712
185 712
8 711
206 711
10 710
151 710
56 709
3 708
181 708
2 707
38 707
100 706
196 705
10 704
170 704
115 703
68 702
39 701
123 700
141 699
1 698
185 698
18 697
174 697
209 696
209 695
177 694
139 693
19 692
174 692
70 691
17 690
156 690
97 689
49 688
125 687
105 686
18 685
135 685
14 684
44 684
128 683
2 682
52 682
125 681
21 680
127 680
180 679
203 678
69 677
18 676
33 676
9 675
79 675
128 674
65 673
32 672
13 671
26 671
17 670
102 670
94 669
172 668
6 667
29 667
65 666
2 665
182 665
19 664
45 664
70 663
149 662
89 661
18 660
120 660
60 659
3 658
27 658
112 657
11 656
51 656
210 655
104 654
3 653
130 653
16 652
32 652
104 651
201 650
72 649
19 648
206 648
230 647
14 646
54 646
4 645
63 645
19 644
150 644
18 643
184 643
53 642
224 641
17 640
126 640
2 639
174 639
184 638
50 637
56 636
127 635
196 634
90 633
126 632
22 631
123 630
60 629
44 628
225 627
211 626
201 625
17 624
83 624
12 623
144 623
152 622
13 621
172 621
222 620
145 619
169 618
12 617
46 617
206 616
2 615
64 615
1 614
113 614
182 613
206 612
88 611
148 610
68 609
17 608
108 608
212 607
9 606
37 606
61 605
117 604
201 603
66 602
71 601
9 600
144 600
1 599
137 599
3 598
185 598
179 597
9 596
206 596
67 595
3 594
100 594
21 593
39 593
73 592
2 591
166 591
98 590
148 589
3 588
193 588
2 587
95 587
98 586
20 585
167 585
32 584
13 583
135 583
100 582
18 581
41 581
119 580
169 579
3 578
71 578
189 577
16 576
184 576
2 575
63 575
90 574
14 573
158 573
13 572
121 572
19 571
188 571
43 570
0 569
177 569
174 568
55 567
133 566
77 565
145 564
13 563
164 563
39 562
79 561
83 560
129 559
8 558
45 558
27 557
18 556
47 556
28 555
37 554
26 553
142 552
73 551
181 550
142 549
97 548
222 547
173 546
35 545
48 544
180 543
162 542
13 541
70 541
13 540
87 540
219 539
3 538
191 538
46 537
11 536
43 536
166 535
179 534
154 533
75 532
184 531
117 530
8 529
75 529
74 528
199 527
86 526
183 525
158 524
183 523
226 522
54 521
40 520
14 519
132 519
20 518
162 518
58 517
58 516
221 515
41 514
168 513
107 512
101 511
20 510
64 510
13 509
148 509
121 508
141 507
23 506
222 505
213 504
186 503
223 502
76 501
172 500
14 499
69 499
193 498
218 497
13 496
75 496
124 495
71 494
3 493
144 493
223 492
133 491
1 490
27 490
102 489
49 488
60 487
153 486
72 485
74 484
143 483
94 482
20 481
30 481
227 480
91 479
54 478
64 477
10 476
104 476
160 475
21 474
78 474
91 473
207 472
10 471
39 471
16 470
100 470
21 469
130 469
4 468
130 468
20 467
40 467
3 466
126 466
85 465
16 464
76 464
213 463
18 462
59 462
62 461
137 460
0 459
129 459
45 458
217 457
181 456
115 455
17 454
57 454
17 453
132 453
152 452
102 451
178 450
95 449
23 448
119 447
10 446
85 446
31 445
213 444
85 443
87 442
150 441
198 440
16 439
75 439
74 438
84 437
177 436
124 435
9 434
205 434
94 433
158 432
2 431
45 431
173 430
59 429
191 428
20 427
191 427
11 426
115 426
153 425
3 424
122 424
1 423
181 423
88 422
88 421
71 420
199 419
67 418
45 417
9 416
65 416
23 415
178 414
7 413
156 413
78 412
200 411
3 410
155 410
134 409
103 408
197 407
197 406
37 405
190 404
41 403
61 402
53 401
127 400
141 399
163 398
3 397
35 397
155 396
172 395
226 394
19 393
77 393
26 392
155 391
75 390
165 389
38 388
116 387
138 386
135 385
18 384
84 384
200 383
121 382
199 381
168 380
195 379
59 378
12 377
98 377
148 376
2 375
134 375
147 374
226 373
13 372
170 372
229 371
126 370
182 369
92 368
47 367
185 366
146 365
35 364
1 363
23 363
67 362
128 361
145 360
15 359
43 359
116 358
136 357
139 356
178 355
29 354
0 353
48 353
182 352
192 351
110 350
122 349
36 348
164 347
136 346
188 345
26 344
215 343
229 342
57 341
47 340
131 339
156 338
36 337
90 336
120 335
154 334
42 333
34 332
107 331
161 330
40 329
219 328
121 327
126 326
167 325
149 324
2 323
94 323
214 322
52 321
221 320
44 319
217 318
209 317
108 316
131 315
160 314
33 313
10 312
106 312
19 311
52 311
111 310
164 309
11 308
177 308
144 307
66 306
207 305
35 304
163 303
215 302
81 301
118 300
69 299
15 298
201 298
0 297
148 297
33 296
167 295
55 294
93 293
89 292
150 291
143 290
80 289
171 288
13 287
37 287
203 286
113 285
187 284
52 283
63 282
185 281
55 280
31 279
20 278
34 278
10 277
193 277
146 276
97 275
81 274
76 273
136 272
12 271
204 271
144 270
64 269
133 268
109 267
192 266
19 265
196 265
6 264
133 264
117 263
27 262
227 261
53 260
22 259
137 258
24 257
164 256
150 255
92 254
166 253
179 252
194 251
85 250
22 249
159 248
167 247
124 246
165 245
125 244
197 243
191 242
155 241
193 240
194 239
229 238
87 237
43 236
39 235
75 234
29 233
106 232
78 231
17 230
19 229
21 229
2 228
3 227
7 227
9 226
21 226
4 225
20 225
15 224
21 224
7 223
21 223
2 222
13 222
3 221
9 220
16 219
21 219
12 218
16 218
2 217
21 217
21 216
7 215
11 215
1 214
11 214
12 213
19 213
20 212
21 212
19 211
10 210
15 210
10 209
12 209
12 208
18 208
12 207
17 207
10 206
18 206
11 205
13 204
20 204
8 203
13 203
6 202
15 202
14 201
13 200
21 200
8 199
15 199
6 198
10 198
0 197
10 197
16 196
20 196
8 195
1 194
2 194
3 193
14 193
8 192
20 192
8 191
14 191
20 190
11 189
15 189
0 188
21 188
5 187
17 187
4 186
17 186
15 185
3 184
12 184
17 183
21 183
18 182
21 182
15 181
20 181
2 180
12 180
4 179
11 179
9 178
18 178
13 177
19 177
10 176
17 176
2 175
15 175
11 174
14 174
1 173
15 173
11 172
21 172
4 171
14 170
18 170
13 169
14 169
15 168
16 168
11 167
17 167
6 166
17 166
0 165
3 165
5 164
10 164
3 163
8 163
4 162
21 162
0 161
14 161
4 160
14 160
3 159
18 159
17 158
20 158
2 157
4 157
7 156
15 155
19 155
8 154
17 154
1 153
21 153
0 152
19 152
12 151
14 151
16 150
2 149
6 149
10 148
20 148
9 147
17 147
4 146
16 146
9 145
10 145
18 144
5 143
19 143
6 142
14 142
16 141
17 141
0 140
1 140
6 139
21 139
12 138
13 138
8 137
18 137
1 136
13 136
7 135
17 135
11 134
12 134
10 133
16 133
6 132
10 131
14 131
10 130
11 130
18 129
19 129
11 128
13 128
17 127
18 127
19 126
20 126
4 125
10 125
1 124
12 124
1 123
6 123
0 122
15 122
3 121
11 121
13 120
17 120
3 119
21 119
7 118
19 118
1 117
20 117
2 116
10 116
2 115
8 115
15 114
17 114
4 113
19 113
15 112
18 112
5 111
13 111
9 110
19 110
11 109
20 109
12 108
1 107
4 107
11 106
16 106
14 105
21 105
10 104
10 103
13 103
3 102
19 102
12 101
15 101
2 100
14 100
3 99
13 99
1 98
3 98
1 97
18 97
8 96
16 96
14 95
19 95
2 94
19 94
1 93
8 93
0 92
13 92
5 91
18 91
13 90
16 90
16 89
18 89
0 88
17 88
7 87
20 87
8 86
10 86
6 85
13 85
14 84
16 84
3 83
10 83
6 82
16 82
0 81
2 81
5 80
20 80
9 79
20 79
3 78
6 78
0 77
18 76
20 76
1 75
4 74
18 74
2 73
3 73
1 72
17 72
13 71
18 71
14 70
17 70
1 69
19 69
17 68
19 68
5 67
21 67
8 66
12 66
2 65
20 65
6 64
19 64
11 63
19 63
6 62
18 62
12 61
20 61
3 60
20 60
14 59
15 59
8 58
19 58
9 57
13 57
0 56
18 56
7 55
18 55
4 54
13 54
1 53
16 53
8 52
11 52
9 51
11 51
7 50
10 50
3 49
16 49
0 48
12 48
6 47
11 47
1 46
14 46
2 45
18 45
12 44
21 44
0 43
20 43
2 42
16 42
2 41
9 41
4 40
15 40
14 39
20 39
2 38
11 38
13 37
11 36
18 36
1 35
10 35
7 34
13 34
3 33
4 33
6 32
20 32
3 31
15 31
0 30
11 30
10 29
19 29
16 28
19 28
8 27
21 27
3 26
17 26
5 25
13 24
15 24
2 23
17 23
10 22
21 22
